LES-1
1  1002U 65008C   17120.04245125 +.00000007 +00000-0 -10283-3 0  9991
2  1002 032.1477 025.5597 0014587 101.0601 259.1537 09.88352308886219
PROSPERO
1  5580U 71093A   17120.94336215 +.00000186 +00000-0 +38590-4 0  9996
2  5580 082.0389 311.1272 0530019 346.2636 012.4557 13.94168514283284
AO-07
1  7530U 74089B   17120.91423424 -.00000035 +00000-0 +57350-4 0  9996
2  7530 101.6261 090.5388 0012466 054.9692 007.4962 12.53626603942705
AO-10
1 14129U 83058B   17119.69583472 -.00000528 +00000-0 +00000-0 0  9990
2 14129 026.9613 041.9933 6022712 292.6194 281.8948 02.05872711226821
UO-11
1 14781U 84021B   17120.93367332 +.00000105 +00000-0 +19220-4 0  9997
2 14781 097.7025 168.3761 0008468 005.2957 354.8345 14.82887119762342
LO-19
1 20442U 90005G   17120.79900475 +.00000022 +00000-0 +24020-4 0  9994
2 20442 098.5732 057.8015 0010680 290.3695 069.6341 14.32857539424830
HUBBLE
1 20580U 90037B   17120.92975233 +.00000674 +00000-0 +30703-4 0  9999
2 20580 028.4702 319.7839 0002799 028.0809 113.3203 15.08751852283057
AO-27
1 22825U 93061C   17120.47319074 +.00000010 +00000-0 +21695-4 0  9992
2 22825 098.8077 085.4804 0009473 108.3423 251.8789 14.29994041230315
IO-26
1 22826U 93061D   17120.86496787 +.00000014 +00000-0 +22961-4 0  9994
2 22826 098.8020 085.9643 0010053 098.9032 261.3288 14.30322474230560
POSAT-1
1 22829U 93061G   17120.86860753 +.00000011 +00000-0 +21618-4 0  9990
2 22829 098.7962 087.4820 0010765 062.5113 330.9693 14.30966192231091
RS-15
1 23439U 94085A   17120.94172935 -.00000042 +00000-0 +18236-4 0  9999
2 23439 064.8156 295.5834 0167223 253.9037 267.4817 11.27565511920087
FO-29
1 24278U 96046B   17120.91408129 -.00000014 +00000-0 +19154-4 0  9993
2 24278 098.5707 010.4493 0351360 099.8533 264.2458 13.53075796022233
NOAA-15
1 25338U 98030A   17120.91635001 +.00000032 +00000-0 +32504-4 0  9990
2 25338 098.7836 131.7294 0010264 350.5128 009.5856 14.25789212986005
GO-32
1 25397U 98043D   17120.82400068 +.00000004 +00000-0 +20484-4 0  9995
2 25397 098.6065 064.1684 0002214 114.0737 246.0674 14.23620636976838
ISS
1 25544U 98067A   17120.92308394 +.00002648 +00000-0 +47554-4 0  9998
2 25544 051.6427 273.8861 0005944 111.8065 030.5102 15.53940631054407
AO-40
1 26609U 00072B   17118.50889226 -.00000125 +00000-0 +00000-0 0  9999
2 26609 006.3003 230.7119 7938685 109.7791 344.2803 01.25587398075723
NO-44
1 26931U 01043C   17120.70303036 -.00000009 +00000-0 +28539-4 0  9993
2 26931 067.0517 213.7106 0007926 272.5038 087.5156 14.30457670813483
SO-50
1 27607U 02058C   17120.89235218 +.00000090 +00000-0 +33505-4 0  9995
2 27607 064.5551 270.0831 0031691 120.4163 240.0077 14.75316619772007
CO-55
1 27844U 03031E   17120.93309410 +.00000061 +00000-0 +47072-4 0  9993
2 27844 098.6907 130.6256 0010826 120.8353 239.3891 14.22032307717563
CO-57
1 27848U 03031J   17120.70892641 +.00000048 +00000-0 +41891-4 0  9993
2 27848 098.7002 130.6431 0010607 129.7143 230.4971 14.21647479717428
RS-22
1 27939U 03042A   17120.97173147 +.00000131 +00000-0 +31951-4 0  9997
2 27939 097.9320 267.2540 0013394 022.2619 088.4562 14.66554731726257
VO-52
1 28650U 05017B   17120.90192611 +.00000368 +00000-0 +45134-4 0  9992
2 28650 097.6472 096.8545 0022052 288.5905 071.2917 14.88637995649065
NOAA-18
1 28654U 05018A   17120.94343747 -.00000009 +00000-0 +20707-4 0  9991
2 28654 099.1858 141.9956 0014024 200.2002 159.8615 14.12334977615490
CO-58
1 28895U 05043F   17120.92597962 +.00000195 +00000-0 +46299-4 0  9993
2 28895 097.8596 285.4106 0015494 295.1609 064.7986 14.63381077613346
CO-65
1 32785U 08021C   17120.49410278 +.00000320 +00000-0 +40664-4 0  9991
2 32785 097.5703 146.9356 0012292 332.8430 027.2143 14.87858938487730
AAUSAT2
1 32788U 08021F   17120.87668333 +.00000425 +00000-0 +45197-4 0  9995
2 32788 097.5635 158.6343 0010416 291.7077 068.3034 14.93812505488619
DO-64
1 32789U 08021G   17120.94565747 +.00001368 +00000-0 +10137-3 0  9991
2 32789 097.5631 180.1672 0010874 259.5656 100.4345 15.04722578489666
CO-66
1 32791U 08021J   17120.50268523 +.00000551 +00000-0 +62342-4 0  9997
2 32791 097.5677 151.1599 0012268 316.7592 043.2662 14.90179701487964
RS-30
1 32953U 08025A   17120.87779603 +.00000028 +00000-0 +12697-3 0  9993
2 32953 082.5010 269.0685 0019077 031.7768 328.4459 12.43076227405549
PRISM
1 33493U 09002B   17120.72995348 +.00000737 +00000-0 +72039-4 0  9993
2 33493 098.1749 001.1476 0014156 238.8422 121.1410 14.95600126448681
STARS
1 33498U 09002G   17120.97131877 +.00000348 +00000-0 +55250-4 0  9998
2 33498 098.3198 293.3676 0012002 137.0654 340.8478 14.78546094444491
KKS-1
1 33499U 09002H   17120.93599635 +.00000211 +00000-0 +39272-4 0  9990
2 33499 098.3270 284.9488 0009689 157.5485 202.6148 14.75172769443978
NOAA-19
1 33591U 09005A   17120.86926483 +.00000078 +00000-0 +67540-4 0  9993
2 33591 099.0883 087.0340 0014825 048.1662 312.0773 14.12175357423715
SWISSCUBE
1 35932U 09051B   17120.92448208 +.00000208 +00000-0 +58242-4 0  9990
2 35932 098.4882 258.6025 0008401 044.5130 315.6741 14.55996390403400
BEESAT
1 35933U 09051C   17120.91471951 +.00000180 +00000-0 +51572-4 0  9999
2 35933 098.4918 259.8742 0006822 058.0985 302.0874 14.56117884403460
ITUPSAT-1
1 35935U 09051E   17120.94543284 +.00000153 +00000-0 +46310-4 0  9997
2 35935 098.5030 260.1585 0009008 049.7382 310.4601 14.55313164403330
HO-68
1 36122U 09072B   17120.91279711 -.00000067 +00000-0 -65414-4 0  9999
2 36122 100.1048 149.3356 0007275 350.0449 010.0519 13.16339318354306
TISAT-1
1 36799U 10035E   17120.87847146 +.00000758 +00000-0 +83921-4 0  9996
2 36799 098.0549 242.6675 0013753 119.9607 240.2977 14.90343782368532
OOREOS
1 37224U 10062C   17121.23627959 +.00000327 +00000-0 +48519-4 0 03977
2 37224 071.9729 326.5220 0019491 232.8122 127.1266 14.81915660070484
TIANGONG-1
1 37820U 11053A   17120.91244936 +.00025034 +00000-0 +15271-3 0  9992
2 37820 042.7577 129.0381 0016815 101.6099 332.7396 15.76682902320504
SRMSAT
1 37841U 11058D   17120.95284579 +.00000314 +00000-0 +27660-4 0  9991
2 37841 019.9725 057.5888 0011672 282.1422 143.1366 14.10572448286519
RAX-2
1 37853U 11061D   17120.88086139 +.00001164 +00000-0 +73947-4 0  9995
2 37853 101.7194 323.7221 0176147 228.3674 130.2336 15.01238010299064
AUBIESAT-1
1 37854U 11061E   17120.88498859 +.00001407 +00000-0 +83319-4 0  9996
2 37854 101.7084 330.4461 0168003 214.8956 144.1150 15.03905706299376
E1P_M-CUBED
1 37855U 11061F   17120.86214989 +.00002447 +00000-0 +13582-3 0  9994
2 37855 101.7211 328.2446 0181298 221.2944 137.4438 15.02860661299213
HORYU-2
1 38340U 12025D   17120.95086397 +.00000314 +00000-0 +54446-4 0  9991
2 38340 098.3767 123.2097 0013045 083.2819 276.9873 14.75310914255917
RS-40
1 38735U 12041C   17120.94647740 +.00000012 +00000-0 +13928-4 0  9996
2 38735 082.4779 353.6491 0017309 128.7500 231.5129 12.42574051215809
AENEAS
1 38760U 12048C   17121.40428073 +.00002110 +00000-0 +14897-3 0 04686
2 38760 064.6615 156.9258 0113020 131.2539 229.8311 15.02980578071459
AAUSAT3
1 39087U 13009B   17120.83227192 +.00000251 +00000-0 +10251-3 0  9995
2 39087 098.5572 326.4948 0013707 082.4586 277.8156 14.35492292218729
STRAND-1
1 39090U 13009E   17120.81621893 +.00000036 +00000-0 +27955-4 0  9994
2 39090 098.5586 326.6888 0010421 081.8166 278.4200 14.34961661218660
RS-43
1 39133U 13015D   17120.90004694 +.00000318 +00000-0 +35164-4 0  9997
2 39133 064.8735 074.9921 0035635 290.4298 069.2996 15.04254868220796
BEESAT-3
1 39134U 13015E   17120.90610936 +.00001782 +00000-0 +96813-4 0  9994
2 39134 064.8697 019.0534 0033687 280.9783 078.7555 15.17651930221929
SOMP
1 39135U 13015F   17120.94865323 +.00001626 +00000-0 +94980-4 0  9991
2 39135 064.8726 027.2209 0030869 288.7207 071.0568 15.15443209221767
BEESAT-2
1 39136U 13015G   17120.91284274 +.00001629 +00000-0 +96420-4 0  9993
2 39136 064.8713 029.0686 0030575 290.5444 069.2401 15.14965040221723
TURKSAT-3U
1 39152U 13018C   17120.81987245 +.00000340 +00000-0 +51537-4 0  9990
2 39152 097.9471 208.5283 0016714 191.5463 168.5368 14.80253723216567
CUBEBUG-1
1 39153U 13018D   17120.77148343 +.00000316 +00000-0 +48540-4 0  9997
2 39153 097.9843 213.3245 0016696 197.4514 162.6126 14.80154293216574
ESTCUBE-1
1 39161U 13021C   17120.74806059 +.00000375 +00000-0 +67813-4 0  9991
2 39161 098.0273 207.3679 0008126 299.1037 060.9349 14.71875836213774
CUSAT
1 39266U 13055B   17120.89243601 +.00008348 +00000-0 +23527-3 0  9999
2 39266 080.9889 058.0341 0664874 007.9799 353.1342 14.28608420185243
DANDE
1 39267U 13055C   17120.88994824 +.00006460 +00000-0 +19125-3 0  9991
2 39267 081.0134 074.5189 0715571 047.0529 318.8430 14.16777505181991
ESHAIL-1
1 39233U 13044A   17120.32243054 +.00000124 +00000-0 +00000-0 0  9993
2 39233 000.0695 054.1881 0001769 334.7671 331.0558 01.00273694013206
ZACUBE-1
1 39417U 13066B   17120.92381525 +.00000323 +00000-0 +47319-4 0  9992
2 39417 097.6346 165.4456 0060779 065.3607 295.3920 14.80680792185782
UNISAT-5
1 39421U 13066F   17120.75410924 +.00000291 +00000-0 +37862-4 0  9990
2 39421 097.6484 179.5642 0032098 037.1335 323.2093 14.87339640186605
TRITON-1
1 39427U 13066M   17120.93682282 +.00000265 +00000-0 +50214-4 0  9991
2 39427 097.6405 139.4558 0115494 139.5664 221.4197 14.67431782183923
DELFI-N3XT
1 39428U 13066N   17120.62930600 +.00000514 +00000-0 +90424-4 0  9992
2 39428 097.6475 136.8320 0122726 148.7789 212.0782 14.66706001183705
GOMX-1
1 39430U 13066Q   17120.91469454 +.00000227 +00000-0 +50389-4 0  9998
2 39430 097.6649 123.5582 0151646 191.7747 167.9894 14.58841575182853
HUMSAT-D
1 39433U 13066T   17120.75304610 +.00000530 +00000-0 +58248-4 0  9994
2 39433 097.6563 185.2679 0031527 017.8015 342.4300 14.91374819186949
EAGLE-2
1 39436U 13066W   17120.83415226 +.00022972 +00000-0 +67362-3 0  9992
2 39436 097.7051 224.5727 0011066 244.2738 115.7362 15.35136323189385
VELOX-P2
1 39438U 13066Y   17120.79593683 +.00000283 +00000-0 +44866-4 0  9999
2 39438 097.6321 159.2531 0072599 081.9504 278.9936 14.77508114184254
FIRSTMOVE
1 39439U 13066Z   17120.85952492 +.00000734 +00000-0 +97611-4 0  9991
2 39439 097.6381 163.9819 0067739 068.0207 292.8186 14.81001316184549
CUBEBUG-2
1 39440U 13066AA  17120.63681128 +.00000339 +00000-0 +54328-4 0  9993
2 39440 097.6334 154.7257 0082427 094.6723 266.3907 14.75421571183887
AO-73
1 39444U 13066AE  17120.92672652 +.00000416 +00000-0 +58118-4 0  9998
2 39444 097.6361 166.4417 0059897 062.3842 298.3436 14.81406251184022
UWE-3
1 39446U 13066AG  17120.82438845 +.00000330 +00000-0 +50691-4 0  9996
2 39446 097.6328 159.8569 0072051 080.0831 280.8504 14.77954069183619
FIREBIRD-A
1 39463U 13072B   17121.53210374 +.00000983 +00000-0 +10590-3 0 04279
2 39463 120.4949 017.7134 0267589 162.7537 198.2811 14.76697640070251
FIREBIRD-B
1 39464U 13072C   17121.52650663 +.00000674 +00000-0 +81733-4 0 04149
2 39464 120.4938 018.2315 0266946 162.7953 198.2374 14.76842444070321
MCUBED-2
1 39469U 13072H   17121.53070412 +.00000984 +00000-0 +10674-3 0 04355
2 39469 120.4911 018.3048 0264283 161.7767 199.3008 14.76908694070354
IPEX
1 39471U 13072K   17121.42725796 +.00000196 +00000-0 +45967-4 0 04212
2 39471 120.4919 008.2801 0272904 159.0485 202.1978 14.74606181070214
RS-41
1 39492U 13078C   17120.90062074 +.00000260 +00000-0 +25799-4 0  9999
2 39492 082.4213 227.6131 0019907 187.0124 173.0818 14.87573478178918
RS-46
1 39497U 13076E   17120.88468278 +.00000024 +00000-0 +10000-3 0  9991
2 39497 082.4837 087.1178 0017539 166.5741 193.5809 12.42672662151687
RS-47
1 39765U 14028E   17120.75945436 -.00000015 +00000-0 -91017-4 0  9999
2 39765 082.4428 344.0960 0227859 270.8635 086.6347 12.83422335137659
SPROUT
1 39770U 14029E   17120.83268491 +.00001441 +00000-0 +17037-3 0  9995
2 39770 097.8695 220.6764 0010581 118.4121 241.8131 14.86155340159105
UNISAT-6
1 40012U 14033C   17120.73982082 +.00000291 +00000-0 +51096-4 0  9995
2 40012 097.8634 005.9455 0060160 086.7016 274.1073 14.73590434153952
BUGSAT-1
1 40014U 14033E   17120.84613043 +.00000019 +00000-0 +74006-5 0  9992
2 40014 097.9558 045.0024 0033033 120.7923 239.6561 14.94713624156134
AURORA
1 40017U 14033H   17120.87996471 +.00000321 +00000-0 +36711-4 0  9993
2 40017 097.9444 040.9785 0024907 121.8638 238.5010 14.92738152155906
PACE
1 40022U 14033N   17120.75734775 +.00000374 +00000-0 +46622-4 0  9993
2 40022 097.9166 031.9458 0014949 101.6507 258.6388 14.88170003155424
DUCHIFAT-1
1 40021U 14033M   17120.81533406 +.00000596 +00000-0 +67912-4 0  9998
2 40021 097.9208 033.9079 0014629 096.1172 264.1712 14.89835040155548
NCBR1
1 40024U 14033Q   17120.72889243 +.00000482 +00000-0 +57004-4 0  9999
2 40024 097.9168 032.7828 0013888 097.2562 263.0234 14.89167619154968
QB50P1
1 40025U 14033R   17120.75041138 +.00000425 +00000-0 +51905-4 0  9997
2 40025 097.9152 031.9154 0014057 099.6562 260.6243 14.88380833154923
POPSATHIP-1
1 40028U 14033U   17120.71061921 +.00000474 +00000-0 +57359-4 0  9991
2 40028 097.9191 032.1353 0015310 097.1501 263.1457 14.88251661155418
DTUSAT-2
1 40030U 14033W   17120.74364969 +.00000409 +00000-0 +50576-4 0  9997
2 40030 097.9119 031.0701 0013531 094.6260 265.6502 14.88005067155395
QB50P2
1 40032U 14033Y   17120.71653918 +.00000408 +00000-0 +50544-4 0  9995
2 40032 097.9127 031.0500 0013466 095.1700 265.1053 14.87939326155383
ANTELSAT
1 40034U 14033AA  17120.75502258 +.00000334 +00000-0 +57326-4 0  9994
2 40034 097.8656 006.1407 0060591 085.4722 275.3405 14.73666542153404
PERSEUS-M2
1 40037U 14033AD  17120.72916621 +.00000178 +00000-0 +26518-4 0  9992
2 40037 097.9152 029.7317 0015918 100.0111 260.2902 14.86208400154763
PERSEUS-M1
1 40039U 14033AF  17120.78428649 +.00000177 +00000-0 +26664-4 0  9999
2 40039 097.9160 029.3733 0015782 096.1034 264.1979 14.85832900154720
POLYITAN
1 40042U 14033AJ  17120.71169569 +.00000495 +00000-0 +59917-4 0  9999
2 40042 097.9225 031.8438 0016343 088.9857 271.3232 14.88009706154851
TIGRISAT
1 40043U 14033AK  17120.85972705 +.00000223 +00000-0 +40616-4 0  9994
2 40043 097.8638 006.8714 0061724 086.5774 274.2492 14.73955627153869
AISAT
1 40054U 14034B   17120.86005405 +.00000611 +00000-0 +94229-4 0  9992
2 40054 098.1862 219.7761 0012910 190.9585 169.1345 14.77034688152737
CANX-4
1 40055U 14034C   17120.87520964 +.00000166 +00000-0 +32808-4 0  9996
2 40055 098.1830 217.4691 0013696 208.0255 152.0217 14.74591068152575
CANX-5
1 40056U 14034D   17120.87615806 +.00000163 +00000-0 +32439-4 0  9994
2 40056 098.1830 217.4675 0013710 208.2788 151.7677 14.74587229152578
VELOX-1
1 40057U 14034E   17120.81158647 +.00000726 +00000-0 +11034-3 0  9996
2 40057 098.1853 220.3237 0010465 203.1645 156.9074 14.77083435152763
METEOR-M2
1 40069U 14037A   17120.76300298 -.00000018 +00000-0 +11956-4 0  9996
2 40069 098.6594 176.4613 0005722 004.8139 355.3089 14.20641617145826
DX-1
1 40071U 14037C   17120.83776747 +.00000303 +00000-0 +46482-4 0  9991
2 40071 098.3323 230.0380 0007849 197.2126 162.8815 14.80999053151965
UKUBE-1
1 40074U 14037F   17120.80824228 +.00000706 +00000-0 +93028-4 0  9994
2 40074 098.3406 233.6145 0004198 188.3978 171.7161 14.83461280152152
HODOYOSHI-1
1 40299U 14070B   17120.86924737 +.00001349 +00000-0 +61753-4 0  9996
2 40299 097.4043 204.3265 0011610 257.5021 238.5116 15.22172571137747
CHUBUSAT-1
1 40300U 14070C   17120.85645988 +.00001331 +00000-0 +63329-4 0  9998
2 40300 097.3969 201.6154 0018914 267.6921 229.6515 15.20763079137592
TSUBAME
1 40302U 14070E   17120.90115441 +.00001130 +00000-0 +60873-4 0  9990
2 40302 097.3791 194.2662 0038330 287.7701 186.5588 15.16262981137188
FIREBIRD-3
1 40377U 15003B   17120.92649086 +.00003978 +00000-0 +17191-3 0  9994
2 40377 099.1212 295.4751 0137432 158.5668 202.1392 15.15107367123842
FIREBIRD-4
1 40378U 15003C   17120.91940417 +.00004323 +00000-0 +18614-3 0  9992
2 40378 099.1214 295.5004 0137623 158.5136 202.1945 15.15127819123847
GRIFEX
1 40379U 15003D   17120.89471518 +.00004046 +00000-0 +18425-3 0  9993
2 40379 099.1227 293.4500 0143144 165.5631 194.9751 15.12743596123726
EXOCUBE
1 40380U 15003E   17120.90119978 +.00003093 +00000-0 +14664-3 0  9998
2 40380 099.1261 292.3083 0146523 169.1200 191.3254 15.11317566123649
PSAT
1 40654U 15025D   17121.36629303 +.00009175 +00000-0 +17263-3 0 04366
2 40654 054.9930 085.7501 0186117 147.3307 213.9394 15.32744855072718
BRICSAT-P
1 40655U 15025E   17121.35240162 +.00016297 +00000-0 +25105-3 0 04859
2 40655 054.9823 064.4195 0155023 158.8910 201.8600 15.41831383072991
DEORBITSAIL
1 40719U 15032E   17120.66843631 +.00000573 +00000-0 +90612-4 0  9997
2 40719 097.9855 015.0082 0015376 299.7976 060.1704 14.76006643097318
NUDT
1 40900U 15049B   17120.94809317 +.00003125 +00000-0 +15155-3 0  9995
2 40900 097.4441 129.5486 0015160 037.1183 323.1097 15.19152419089285
XW-2A
1 40903U 15049E   17120.84054594 +.00002891 +00000-0 +77987-4 0  9997
2 40903 097.4249 145.9587 0016796 077.9465 282.3661 15.38510750090360
XW-2C
1 40906U 15049H   17120.93414742 +.00001109 +00000-0 +63761-4 0  9991
2 40906 097.4555 127.3715 0015947 024.4332 335.7652 15.14447394089084
XW-2D
1 40907U 15049J   17120.92066518 +.00001199 +00000-0 +68434-4 0  9996
2 40907 097.4524 127.1328 0015267 023.0167 337.1746 15.14544606089089
LILACSAT-2
1 40908U 15049K   17120.93702326 +.00000634 +00000-0 +39423-4 0  9991
2 40908 097.4625 126.9685 0016723 020.0214 340.1670 15.13064569089021
XW-2E
1 40909U 15049L   17120.96706584 +.00001772 +00000-0 +95888-4 0  9996
2 40909 097.4540 128.1958 0014992 025.4691 334.7278 15.15856719089143
XW-2F
1 40910U 15049M   17120.94967596 +.00001765 +00000-0 +96784-4 0  9996
2 40910 097.4545 127.7704 0016081 020.7015 339.4865 15.15383293089127
XW-2B
1 40911U 15049N   17120.92561693 +.00001157 +00000-0 +66262-4 0  9996
2 40911 097.4567 127.4895 0015172 023.3601 336.8317 15.14508930088982
DCBB
1 40912U 15049P   17120.80846139 +.00002630 +00000-0 +13430-3 0  9990
2 40912 097.4509 129.3345 0016294 014.0752 071.0397 15.17470411089106
TW-1C
1 40926U 15051B   17120.83043623 +.00009806 +00000-0 +23119-3 0  9995
2 40926 097.2344 160.7669 0011194 350.7594 064.4275 15.42043838089627
TW-1B
1 40927U 15051C   17120.87277748 +.00009691 +00000-0 +23686-3 0  9998
2 40927 097.2429 160.8460 0011410 000.8344 086.0250 15.40956626089583
TW-1A
1 40928U 15051D   17120.78913515 +.00005178 +00000-0 +15069-3 0  9990
2 40928 097.2309 157.4526 0013128 017.4275 071.3386 15.35777833089426
LAPAN-A2
1 40931U 15052B   17120.89414275 +.00000813 +00000-0 +24207-4 0  9992
2 40931 006.0006 209.9538 0013623 296.3334 063.5395 14.76526209085963
LQSAT
1 40958U 15057A   17120.83191395 +.00000128 +00000-0 +27656-4 0  9995
2 40958 097.9798 196.9718 0017272 214.5922 145.4151 14.72960172084149
FOX-1A
1 40967U 15058D   17121.19649650 +.00000593 +00000-0 +87694-4 0 04706
2 40967 064.7792 001.4101 0172355 095.3554 266.7251 14.75395552070185
BISONSAT
1 40968U 15058E   17121.22127303 +.00000949 +00000-0 +12728-3 0 04617
2 40968 064.7785 000.0767 0170144 095.2402 266.8126 14.76098291070358
ATHENOXAT-1
1 41168U 15077C   17120.29194252 +.00003414 +00000-0 +15707-3 0  9990
2 41168 014.9944 159.2951 0012817 070.7221 009.2750 15.11441514075780
GALASSIA
1 41170U 15077E   17120.67588269 +.00002302 +00000-0 +91742-4 0  9999
2 41170 014.9879 153.1248 0013623 094.9454 265.2422 15.11958758075877
AGGIESAT4
1 41313U 98067HP  17120.81312356 +.00025674 +00000-0 +19686-3 0  9999
2 41313 051.6366 245.6019 0004371 321.3081 038.7604 15.71909899071476
BEVO-2
1 41314U 98067HQ  17120.72608050 +.00159655 +21080-4 +40749-3 0  9995
2 41314 051.6234 224.9407 0008192 332.1340 027.9228 15.94982781071530
CHUBUSAT-2
1 41338U 16012B   17120.89732484 +.00000521 +00000-0 +34295-4 0  9990
2 41338 031.0040 052.5923 0013986 310.8197 049.1225 14.99713102065888
CHUBUSAT-3
1 41339U 16012C   17120.83204802 +.00000656 +00000-0 +44793-4 0  9996
2 41339 031.0111 052.2283 0013865 315.6066 044.3473 14.99921692065852
HORYU-4
1 41340U 16012D   17120.95897359 +.00000807 +00000-0 +55655-4 0  9993
2 41340 031.0060 049.2257 0014228 325.6249 034.3466 15.00548681065916
OUFTI-1
1 41458U 16025C   17120.84648035 +.00004166 +00000-0 +22522-3 0  9998
2 41458 098.1884 155.7023 0175683 087.9487 274.1845 15.02964928055476
ESTAR-2
1 41459U 16025D   17120.86259787 +.00002436 +00000-0 +13353-3 0  9993
2 41459 098.1900 155.6872 0177039 088.0430 274.1058 15.02817504055466
AAUSAT4
1 41460U 16025E   17120.88687934 +.00004699 +00000-0 +25330-3 0  9997
2 41460 098.1844 155.7868 0170426 086.6591 275.4094 15.03646694055483
RS-48
1 41465U 16026B   17120.81929222 +.00002732 +00000-0 +93294-4 0  9996
2 41465 097.2539 024.8493 0013316 036.6441 005.8614 15.31082311056218
SAMSAT-218
1 41466U 16026C   17120.68810955 +.00007473 +00000-0 +22774-3 0  9995
2 41466 097.2553 025.6261 0011443 041.3167 012.9808 15.34186832056258
MINXSS-1
1 41474U 98067HU  17120.77231926 +.01182176 +91710-3 +10634-2 0  9991
2 41474 051.6482 234.7755 0010370 331.4493 028.5953 16.12117489054853
NODES2
1 41477U 98067HX  17120.94438204 +.00055411 +00000-0 +33221-3 0  9998
2 41477 051.6291 247.9074 0004324 295.2736 064.7816 15.77228064054608
NODES1
1 41478U 98067HY  17120.78268547 +.00056342 +00000-0 +34354-3 0  9994
2 41478 051.6325 249.0837 0004046 293.9745 066.0831 15.76841171054570
NUSAT-1
1 41557U 16033B   17120.89659740 +.00002038 +00000-0 +79810-4 0  9996
2 41557 097.4642 200.4150 0014792 168.0706 192.0886 15.26881999051210
NUSAT-2
1 41558U 16033C   17120.79461037 +.00002029 +00000-0 +79774-4 0  9995
2 41558 097.4669 200.3587 0014308 167.0011 193.1599 15.26758264051192
SATHYABAMASAT
1 41600U 16040B   17120.89407504 +.00002253 +00000-0 +10581-3 0  9990
2 41600 097.4669 183.7249 0013655 238.6134 121.3766 15.20596278047490
LAPAN-A3
1 41603U 16040E   17120.89150130 +.00000470 +00000-0 +25483-4 0  9990
2 41603 097.4651 183.4271 0012081 235.3068 234.4251 15.19323146047471
BIROS
1 41604U 16040F   17120.74759202 +.00000780 +00000-0 +38722-4 0  9994
2 41604 097.4661 183.5816 0011113 229.8259 130.2004 15.20598068047472
SWAYAM
1 41607U 16040J   17120.88425896 +.00002101 +00000-0 +98895-4 0  9997
2 41607 097.4641 183.6236 0013080 237.8435 122.1532 15.20594360047411
BEESAT-4
1 41619U 16040W   17120.87893454 +.00002027 +00000-0 +95661-4 0  9993
2 41619 097.4659 183.7171 0010957 227.8168 132.2137 15.20572511035407
3CAT2
1 41732U 16051B   17120.73777844 +.00002364 +00000-0 +98057-4 0  9996
2 41732 097.3777 038.4355 0015916 081.3815 002.5290 15.24742188039300
PRATHAM
1 41783U 16059A   17120.75879276 +.00000093 +00000-0 +27727-4 0  9997
2 41783 098.1713 182.6113 0032531 311.0631 048.7760 14.62827353031664
CANX-7
1 41788U 16059F   17120.83635253 +.00000115 +00000-0 +31347-4 0  9994
2 41788 098.1697 182.9775 0028596 311.9523 047.9190 14.63693902031662
ALSAT-1N
1 41789U 16059G   17120.85483723 +.00000209 +00000-0 +48922-4 0  9991
2 41789 098.1714 183.1169 0027261 305.6756 054.1889 14.64035583031682
TY-1
1 41844U 16066D   17120.87494657 +.00001837 +00000-0 +83416-4 0  9996
2 41844 097.4054 128.7481 0017609 049.0266 035.6835 15.21927684026141
CZ-11
1 41845U 16066E   17120.79466305 -.00000069 +00000-0 +00000-0 0  9998
2 41845 098.7791 135.2878 0367362 029.0779 333.0360 14.37735651024680
PEGASUS-1
1 41846U 16066F   17120.89366536 -.00000069 +00000-0 +00000-0 0  9995
2 41846 098.7819 135.2189 0369307 030.0471 332.1519 14.36967567024687
STARS-C
1 41895U 98067KR  17120.95124350 +.00024099 +00000-0 +30282-3 0  9999
2 41895 051.6392 271.3800 0004263 145.0881 215.0392 15.59547348020610
ITF-2
1 41932U 98067KU  17120.82550664 +.00017288 +00000-0 +23183-3 0  9992
2 41932 051.6409 272.7934 0005687 093.7299 266.4344 15.58048751016151
WASEDA-SAT3
1 41933U 98067KV  17120.87976878 +.00018606 +00000-0 +24548-3 0  9998
2 41933 051.6398 272.4041 0005472 094.9611 265.2006 15.58425956016167
AOBA-VELOX3
1 41935U 98067KX  17120.82339621 +.00018788 +00000-0 +24955-3 0  9997
2 41935 051.6406 272.7788 0005037 097.2174 262.9391 15.58241388016253
PEASSS
1 42015U 17008BV  17120.86585154 +.00001839 +00000-0 +81980-4 0  9992
2 42015 097.4993 182.3983 0007599 038.3398 321.8378 15.22682927011146
NAYIF-1
1 42017U 17008BX  17120.86260548 +.00002279 +00000-0 +10053-3 0  9992
2 42017 097.4989 182.4045 0007476 040.0913 320.0874 15.22792172011281
