METEOSAT-7              
1 24932U 97049B   17121.85978979 -.00000047  00000-0  00000-0 0  9995
2 24932  10.5999  37.7127 0010901 313.0716  46.7518  0.98308688 71980
NOAA 15                 
1 25338U 98030A   17122.60057835  .00000036  00000-0  34141-4 0  9994
2 25338  98.7835 133.4174 0010162 345.5132  14.5755 14.25789484986247
METEOSAT-8 (MSG-1)      
1 27509U 02040B   17122.61100186  .00000120  00000-0  00000-0 0  9998
2 27509   4.7649  58.5150 0001195 275.6230 147.9570  1.00264825 53841
KALPANA-1 (METSAT 1)    
1 27525U 02043A   17121.34029298 -.00000097  00000-0  00000-0 0  9996
2 27525   6.2742  55.5317 0013364 237.1493 122.5985  1.00273898 53611
INSAT-3A                
1 27714U 03013A   17122.39491964 -.00000205  00000-0  00000-0 0  9994
2 27714   1.0605  88.1218 0014747 239.7354 197.1685  0.99814095 51524
NOAA 18                 
1 28654U 05018A   17122.57284716  .00000011  00000-0  31613-4 0  9992
2 28654  99.1857 143.6655 0014096 195.4970 164.5770 14.12335206615729
METEOSAT-9 (MSG-2)      
1 28912U 05049B   17122.09923041  .00000039  00000-0  00000-0 0  9993
2 28912   2.1156  70.8377 0000359 143.8343  50.4716  1.00271347 41658
HIMAWARI-7 (MTSAT-2)    
1 28937U 06004A   17122.61600049 -.00000266  00000-0  00000-0 0  9993
2 28937   0.0175 135.1894 0003407 269.9894 182.3412  1.00272464 41064
FORMOSAT-3 FM6          
1 29047U 06011A   17122.60207221  .00000071  00000-0  44314-4 0  9991
2 29047  71.9791 280.1972 0051521 231.5369 128.1140 14.28576483578241
FORMOSAT-3 FM1          
1 29048U 06011B   17122.59938128  .00000099  00000-0  55374-4 0  9995
2 29048  71.9676 192.4066 0044492 188.7659 276.2781 14.28509537580736
FORMOSAT-3 FM5          
1 29049U 06011C   17122.21691055  .00000122  00000-0  64439-4 0  9999
2 29049  72.0213 358.3840 0036314 225.8718 133.9431 14.28560968576463
FORMOSAT-3 FM3          
1 29050U 06011D   17122.61231441  .00000247  00000-0  62740-4 0  9995
2 29050  72.0160 259.9599 0051657 240.4714 119.1283 14.58495648589829
FORMOSAT-3 FM4          
1 29051U 06011E   17122.58939008  .00000079  00000-0  46731-4 0  9991
2 29051  72.0058 261.7772 0066989  99.5297 261.3418 14.28584320579106
FORMOSAT-3 FM2          
1 29052U 06011F   17122.59617291  .00000094  00000-0  53164-4 0  9995
2 29052  72.0343 332.5879 0040661 188.1266 171.9217 14.28676947576601
GOES 13                 
1 29155U 06018A   17121.59730944 -.00000273  00000-0  00000-0 0  9993
2 29155   0.2765 273.0460 0004899 151.0370 295.9660  1.00274914  9962
METOP-A                 
1 29499U 06044A   17122.62197822 -.00000005  00000-0  17563-4 0  9999
2 29499  98.6823 182.9948 0000708  42.6582  73.2986 14.21497789546488
FENGYUN 2D              
1 29640U 06053A   17122.40683881 -.00000381  00000-0  10000-3 0  9993
2 29640   4.3687  64.5958 0004745 340.8118  85.4282  1.00273837 38149
FENGYUN 3A              
1 32958U 08026A   17122.40280613  .00000042  00000-0  39432-4 0  9991
2 32958  98.4123 153.3604 0010869  56.6329 303.5889 14.19659602462846
FENGYUN 2E              
1 33463U 08066A   17117.86649177 -.00000218  00000-0  00000-0 0  9996
2 33463   2.0878  66.6220 0003340 220.4014 328.0984  1.00269577 30623
NOAA 19                 
1 33591U 09005A   17122.49885674  .00000091  00000-0  74241-4 0  9991
2 33591  99.0885  88.6858 0014778  43.8551 316.3791 14.12175904424215
GOES 14                 
1 35491U 09033A   17121.67860120 -.00000117  00000-0  00000-0 0  9999
2 35491   0.1760 103.7078 0004584 129.3238 126.9242  1.00271304 28737
METEOR-M 1              
1 35865U 09049A   17122.58583215  .00000001  00000-0  19113-4 0  9999
2 35865  98.4253 146.3061 0001160 291.7817  68.3238 14.22107385395475
GOES 15                 
1 36411U 10008A   17121.76545607  .00000067  00000-0  00000-0 0  9999
2 36411   0.1108 105.4247 0002036  47.6939 206.8895  1.00275367 26264
COMS 1                  
1 36744U 10032A   17121.82065948 -.00000367  00000-0  00000-0 0  9991
2 36744   0.0325  55.7341 0000949 346.7205 241.1253  1.00270044 25227
FENGYUN 3B              
1 37214U 10059A   17122.60029091  .00000011  00000-0  28596-4 0  9998
2 37214  98.8909  81.5991 0016023 270.1849  89.7485 14.15848716336095
ELEKTRO-L 1 (GOMS 2)    
1 37344U 11001A   17121.71036091 -.00000278  00000-0  00000-0 0  9991
2 37344   2.3462  78.1309 0004483 279.5863  80.2505  1.00218275 23064
SUOMI NPP               
1 37849U 11061A   17122.49551823  .00000011  00000-0  25782-4 0  9990
2 37849  98.7327  61.8364 0000465  69.8618  61.9401 14.19546675285611
FENGYUN 2F              
1 38049U 12002A   17122.39838884 -.00000380  00000-0  00000-0 0  9995
2 38049   1.6228  77.9207 0002887 171.1055 227.0397  1.00273108 19475
METEOSAT-10 (MSG-3)     
1 38552U 12035B   17121.39023493 -.00000025  00000-0  00000-0 0  9997
2 38552   0.8077  52.3436 0000091 215.0740  92.5792  1.00278265 17798
METOP-B                 
1 38771U 12049A   17122.59305382 -.00000003  00000-0  18640-4 0  9997
2 38771  98.6828 183.5157 0001554  58.8267  74.7497 14.21498291239801
FENGYUN 3C              
1 39260U 13052A   17122.52055014  .00000021  00000-0  30382-4 0  9999
2 39260  98.6507 193.2660 0001669  94.7348 265.4022 14.19646234186906
METEOR-M 2              
1 40069U 14037A   17122.45333312  .00000001  00000-0  20489-4 0  9999
2 40069  98.6590 178.1174 0005657 359.7279   0.3893 14.20641964146069
HIMAWARI-8              
1 40267U 14060A   17121.99793141 -.00000299  00000-0  00000-0 0  9996
2 40267   0.0359  74.9435 0000730 347.5277 297.5334  1.00272332  9344
FENGYUN 2G              
1 40367U 14090A   17122.47110987 -.00000354  00000-0  00000-0 0  9997
2 40367   0.5274 259.9575 0003840 329.4430 265.2996  1.00278633  8627
METEOSAT-11 (MSG-4)     
1 40732U 15034A   17122.07566992 -.00000052  00000-0  00000-0 0  9994
2 40732   1.9027 243.6939 0000730 132.3533 227.8048  1.00273543  6623
ELEKTRO-L 2             
1 41105U 15074A   17117.47930025 -.00000109  00000-0  00000-0 0  9996
2 41105   0.0633  57.2317 0002068  11.7263  35.2424  1.00271515  5058
HIMAWARI-9              
1 41836U 16064A   17121.99758704 -.00000299  00000-0  00000-0 0  9991
2 41836   0.0137 265.3529 0000878 143.5996 311.0551  1.00269003  1881
GOES 16                 
1 41866U 16071A   17121.63822419 -.00000204  00000-0  00000-0 0  9994
2 41866   0.0016  51.1456 0001764 337.3524 331.5116  1.00269614  1685
FENGYUN 4A              
1 41882U 16077A   17122.63076547 -.00000327  00000-0  00000-0 0  9998
2 41882   0.1019 266.7058 0002518 263.2137  17.5530  1.00274930  1569
CYGFM05                 
1 41884U 16078A   17121.96055234  .00000539  00000-0  31059-4 0  9992
2 41884  34.9571 311.7165 0017346 289.6643  70.2196 15.13535959 20833
CYGFM04                 
1 41885U 16078B   17121.92598215  .00000577  00000-0  32768-4 0  9990
2 41885  34.9503 311.3646 0015819 288.0674  71.8314 15.13941943 20832
CYGFM02                 
1 41886U 16078C   17121.93949125  .00000592  00000-0  33713-4 0  9990
2 41886  34.9594 311.5672 0016461 288.6479  71.2445 15.13802596 20836
CYGFM01                 
1 41887U 16078D   17121.96574675  .00000543  00000-0  31316-4 0  9991
2 41887  34.9538 311.7268 0017762 290.2664  69.6137 15.13509434 20832
CYGFM08                 
1 41888U 16078E   17121.95265802  .00000542  00000-0  31154-4 0  9999
2 41888  34.9509 311.5902 0017040 289.7727  70.1146 15.13641541 20828
CYGFM06                 
1 41889U 16078F   17121.91446341  .00000587  00000-0  33263-4 0  9997
2 41889  34.9589 311.3546 0015253 287.1088  72.7953 15.14051389 20825
CYGFM07                 
1 41890U 16078G   17121.90604824  .00000087  00000-0  64162-5 0  9998
2 41890  34.9527 311.2249 0014974 287.4575  72.4499 15.14181136 20827
CYGFM03                 
1 41891U 16078H   17121.90111202  .00000573  00000-0  32400-4 0  9991
2 41891  34.9559 311.2154 0014463 287.2628  72.6500 15.14170469 20820
