EYESAT-1 (AO-27)        
1 22825U 93061C   17134.88701178 -.00000007  00000-0  15142-4 0  9999
2 22825  98.8094 100.0645 0009512  71.0770 289.1441 14.29995308232370
CUTE-1 (CO-55)          
1 27844U 03031E   17134.51287981  .00000040  00000-0  37774-4 0  9995
2 27844  98.6902 144.0088 0011019  85.7837 274.4599 14.22035017719536
CUBESAT XI-IV (CO-57)   
1 27848U 03031J   17134.50352885  .00000027  00000-0  32119-4 0  9997
2 27848  98.6995 144.2442 0010920  94.0984 266.1442 14.21649883719383
CUBESAT XI 5            
1 28895U 05043F   17134.87464630  .00000126  00000-0  33014-4 0  9992
2 28895  97.8614 298.7094 0015541 246.9625 112.9939 14.63386583615618
CUTE-1.7+APD II (CO-65) 
1 32785U 08021C   17134.48251842  .00000188  00000-0  26193-4 0  9998
2 32785  97.5689 160.2903 0011557 281.5525  78.4395 14.87867291489818
COMPASS-1               
1 32787U 08021E   17134.56250302  .00000513  00000-0  55110-4 0  9992
2 32787  97.5628 169.0276 0011074 247.3921 112.6127 14.92557843490436
AAUSAT-II               
1 32788U 08021F   17134.87636324  .00000133  00000-0  17687-4 0  9994
2 32788  97.5618 172.1120 0010570 237.6716 122.3481 14.93827834490604
DELFI-C3 (DO-64)        
1 32789U 08021G   17134.91036414  .00001772  00000-0  12987-3 0  9991
2 32789  97.5617 193.8400 0012313 208.6188 151.4363 15.04757267491768
CANX-2                  
1 32790U 08021H   17134.32157304  .00000169  00000-0  24330-4 0  9995
2 32790  97.5665 158.5348 0012233 283.9217  76.0639 14.87597082489720
SEEDS II (CO-66)        
1 32791U 08021J   17134.06644066  .00000207  00000-0  26809-4 0  9999
2 32791  97.5660 164.1517 0011807 266.1446  93.8423 14.90190804490062
SWISSCUBE               
1 35932U 09051B   17134.80624224  .00000128  00000-0  39977-4 0  9991
2 35932  98.4906 272.7224 0007480   3.7830 356.3422 14.56001800405421
BEESAT                  
1 35933U 09051C   17134.86404417  .00000099  00000-0  33337-4 0  9999
2 35933  98.4943 274.0717 0006043  19.6116 340.5312 14.56122628405494
ITUPSAT 1               
1 35935U 09051E   17134.83370697  .00000080  00000-0  29525-4 0  9994
2 35935  98.5054 274.2939 0008140   9.4660 350.6689 14.55317371405386
TISAT 1                 
1 36799U 10035E   17134.77632367  .00000267  00000-0  33469-4 0  9994
2 36799  98.0571 256.8362 0013850  79.1353 281.1422 14.90357236370801
M-CUBED & EXP-1 PRIME   
1 37855U 11061F   17134.44366227  .00000664  00000-0  43162-4 0  9993
2 37855 101.7210 348.7331 0181189 181.0794 179.0051 15.02907044301255
HORYU 2                 
1 38340U 12025D   17134.44757845  .00000181  00000-0  34815-4 0  9993
2 38340  98.3765 137.1812 0012621  44.4862 315.7357 14.75318607257907
STRAND-1                
1 39090U 13009E   17134.55267316  .00000018  00000-0  21748-4 0  9990
2 39090  98.5572 340.3022 0010097  45.3883 314.8124 14.34964030220653
BRITE-AUSTRIA           
1 39091U 13009F   17134.01052282  .00000001  00000-0  15750-4 0  9994
2 39091  98.5534 339.1635 0011503  53.4409 306.7834 14.35026211220586
UNIBRITE                
1 39092U 13009G   17134.49500755 -.00000006  00000-0  13500-4 0  9997
2 39092  98.5542 339.3378 0010263  46.4101 313.7934 14.34900571220639
AIST-2                  
1 39133U 13015D   17134.86135767  .00000068  00000-0  17562-4 0  9997
2 39133  64.8747  30.8742 0036202 288.0745  71.6432 15.04263962222892
SOMP                    
1 39134U 13015E   17134.94174214  .00000906  00000-0  54113-4 0  9991
2 39134  64.8669 333.7607 0034227 277.0396  82.6838 15.17687366224050
BEESAT-2                
1 39136U 13015G   17134.70934158  .00000725  00000-0  48706-4 0  9998
2 39136  64.8703 344.7370 0031574 287.7605  72.0075 15.14994652223818
NEE-01 PEGASUS          
1 39151U 13018B   17134.49410606  .00000151  00000-0  27074-4 0  9999
2 39151  97.9825 226.2277 0017844 155.1619 205.0455 14.79700535218554
CUBEBUG-1 (CAPITAN BETO)
1 39153U 13018D   17134.69740516  .00000176  00000-0  30144-4 0  9998
2 39153  97.9845 227.1739 0017801 152.8882 207.3263 14.80161570218633
ESTCUBE 1               
1 39161U 13021C   17134.75221904  .00000164  00000-0  34151-4 0  9992
2 39161  98.0282 221.1909 0008167 245.7084 114.3271 14.71881107215833
POPACS 1                
1 39268U 13055D   17134.72177229  .00003181  00000-0  92358-4 0  9999
2 39268  81.0068  43.1127 0651967 317.8693  37.4063 14.30632815185934
POPACS 2                
1 39269U 13055E   17134.51929650  .00004420  00000-0  13064-3 0  9993
2 39269  81.0190  57.4962 0702007 355.5926   3.9257 14.19699049186524
POPACS 3                
1 39270U 13055F   17134.55663966  .00003944  00000-0  12437-3 0  9997
2 39270  81.0187  65.1699 0726754  19.1407 343.5605 14.13000668186029
FIREFLY                 
1 39404U 13064AA  17134.39918969  .00023015  00000-0  16122-3 0  9990
2 39404  40.4979 156.3786 0006790 179.1542 180.9298 15.73571121195939
ZACUBE-1 (TSHEPISOSAT)  
1 39417U 13066B   17134.70960970  .00000168  00000-0  27793-4 0  9991
2 39417  97.6325 178.5692 0059834  21.0107 339.3544 14.80688089187825
WNISAT-1                
1 39423U 13066H   17134.79914823  .00000011  00000-0  11726-4 0  9999
2 39423  97.6805 125.9398 0175451 182.0814 177.9676 14.52833900184384
TRITON-1                
1 39427U 13066M   17134.77896201  .00000146  00000-0  31145-4 0  9996
2 39427  97.6392 152.3727 0116018  95.7639 265.6807 14.67438126185950
GOMX 1                  
1 39430U 13066Q   17134.42689398  .00000166  00000-0  38757-4 0  9997
2 39430  97.6648 136.0395 0152781 149.1641 211.8646 14.58847968185011
BRITE-PL                
1 39431U 13066R   17134.92258863  .00000073  00000-0  26004-4 0  9991
2 39431  97.7039 115.6364 0201754 218.3778 140.2918 14.46835205183441
HUMSAT-D                
1 39433U 13066T   17134.64133193  .00000425  00000-0  47869-4 0  9993
2 39433  97.6548 198.7503 0030279 331.2209  28.7338 14.91389024189018
EAGLE 2                 
1 39436U 13066W   17134.71590290  .00012994  00000-0  37708-3 0  9993
2 39436  97.7067 239.0863 0012114 194.7237 165.3655 15.35582904190368
CUBEBUG-2 (LO-74)       
1 39440U 13066AA  17134.74300811  .00000169  00000-0  30663-4 0  9994
2 39440  97.6315 168.0421 0081984  49.7221 311.1119 14.75429322185965
NEE-02 KRYSAOR          
1 39441U 13066AB  17134.52801268  .00000117  00000-0  23832-4 0  9996
2 39441  97.6296 166.5986 0083426  53.7119 307.1759 14.74601818187022
FUNCUBE-1 (AO-73)       
1 39444U 13066AE  17134.57067465  .00000237  00000-0  35994-4 0  9992
2 39444  97.6341 179.4476 0058939  18.4064 341.9263 14.81415545186046
UWE-3                   
1 39446U 13066AG  17134.90641113  .00000184  00000-0  31371-4 0  9995
2 39446  97.6308 173.2024 0071347  35.0193 325.5680 14.77961923185690
BRITE-TORONTO           
1 40020U 14033L   17134.87365433  .00000056  00000-0  17945-4 0  9993
2 40020  97.8407   7.1410 0089056  73.2506 287.8447 14.66381652155213
DUCHIFAT-1              
1 40021U 14033M   17134.78511466  .00000384  00000-0  45817-4 0  9996
2 40021  97.9202  47.8997 0014437  54.7991 305.4576 14.89848561157621
FLOCK 1C-10             
1 40023U 14033P   17134.72381984  .00000639  00000-0  74438-4 0  9996
2 40023  97.9234  46.9585 0014340  59.0151 301.2487 14.88653282157527
NANOSATC-BR1            
1 40024U 14033Q   17134.70493755  .00000363  00000-0  44405-4 0  9990
2 40024  97.9164  46.7595 0013717  56.1705 304.0815 14.89179659157561
QB50P1                  
1 40025U 14033R   17134.73385456  .00000232  00000-0  31097-4 0  9990
2 40025  97.9147  45.8792 0013944  58.5748 301.6830 14.88390252157009
FLOCK 1C-7              
1 40026U 14033S   17134.68994434  .00000488  00000-0  57322-4 0  9999
2 40026  97.9247  47.6005 0012775  55.6421 304.5998 14.89386124157567
FLOCK 1C-1              
1 40027U 14033T   17134.69321546  .00000563  00000-0  66285-4 0  9991
2 40027  97.9255  47.1443 0014375  55.8250 304.4300 14.88716320157535
POPSAT-HIP-1            
1 40028U 14033U   17134.69526806  .00000113  00000-0  18303-4 0  9997
2 40028  97.9186  46.1043 0015426  56.1297 304.1396 14.88260130157497
FLOCK 1C-2              
1 40029U 14033V   17134.72245229  .00000602  00000-0  70381-4 0  9996
2 40029  97.9247  47.0347 0015683  53.7158 306.5539 14.88734049157521
FLOCK 1C-4              
1 40031U 14033X   17134.46657283  .00000595  00000-0  69815-4 0  9998
2 40031  97.9260  46.7709 0016188  52.2205 308.0457 14.88591361157473
QB50P2                  
1 40032U 14033Y   17134.90586683  .00000253  00000-0  33640-4 0  9991
2 40032  97.9120  45.2050 0013240  53.5485 306.6949 14.87949118156972
FLOCK 1C-11             
1 40033U 14033Z   17134.69426129  .00000273  00000-0  34158-4 0  9993
2 40033  97.9263  48.2992 0013527  44.6519 315.5767 14.90133921157605
ANTELSAT                
1 40034U 14033AA  17134.81005144  .00000211  00000-0  39186-4 0  9996
2 40034  97.8636  19.7684 0060199  41.2950 319.2788 14.73674818155472
FLOCK 1C-9              
1 40035U 14033AB  17134.71240826  .00000421  00000-0  51025-4 0  9993
2 40035  97.9258  47.3685 0013299  45.2118 315.0234 14.88785543157523
FLOCK 1C-6              
1 40036U 14033AC  17134.73574363  .00000872  00000-0  98908-4 0  9993
2 40036  97.9283  47.5896 0013300  46.9640 313.2710 14.88894287157546
PERSEUS-M2              
1 40037U 14033AD  17134.73305580  .00000110  00000-0  18802-4 0  9997
2 40037  97.9145  43.6681 0015745  58.2230 302.0516 14.86213044157341
FLOCK 1C-5              
1 40038U 14033AE  17134.54123664  .00000729  00000-0  83609-4 0  9991
2 40038  97.9284  47.2147 0016080  46.5454 313.7088 14.88889164157509
PERSEUS-M1              
1 40039U 14033AF  17134.72436735  .00000113  00000-0  19339-4 0  9994
2 40039  97.9152  43.2394 0015540  54.5495 305.7169 14.85837362157318
FLOCK 1C-8              
1 40040U 14033AG  17134.70988422  .00000395  00000-0  45954-4 0  9993
2 40040  97.9305  49.3561 0014429  36.0757 324.1533 14.90816088157648
FLOCK 1C-3              
1 40041U 14033AH  17134.69810803  .00000474  00000-0  56892-4 0  9990
2 40041  97.9288  47.1651 0014653  43.6949 316.5421 14.88587337157506
POLYITAN-1              
1 40042U 14033AJ  17134.69860481  .00000306  00000-0  39435-4 0  9996
2 40042  97.9219  45.8158 0016020  47.0567 313.1990 14.88021017156930
TIGRISAT                
1 40043U 14033AK  17134.91201319  .00000132  00000-0  27135-4 0  9992
2 40043  97.8617  20.4994 0061320  42.3402 318.2516 14.73961640155633
LEMUR-1                 
1 40044U 14033AL  17134.61765491  .00000138  00000-0  28220-4 0  9998
2 40044  97.8616  19.9695 0060520  44.3375 316.2657 14.73786922155470
AEROCUBE 6A             
1 40045U 14033AM  17134.75587540  .00000343  00000-0  57360-4 0  9996
2 40045  97.8728  21.4065 0059650  38.5279 322.0165 14.74787125155795
AEROCUBE 6B             
1 40046U 14033AN  17134.75595671  .00000322  00000-0  54348-4 0  9991
2 40046  97.8722  21.3430 0058875  38.1515 322.3839 14.74788481155553
UKUBE-1                 
1 40074U 14037F   17134.83793842  .00000301  00000-0  43791-4 0  9992
2 40074  98.3433 248.2666 0005381 145.4779 214.6775 14.83470650154230
BRITE-PL 2              
1 40119U 14049B   17134.70664835  .00000115  00000-0  20306-4 0  9990
2 40119  97.9360 220.7846 0017264 193.9729 166.1010 14.84122625148193
FIREBIRD 4              
1 40378U 15003C   17134.91985162  .00002190  00000-0  96309-4 0  9991
2 40378  99.1221 312.2859 0137973 112.3932 249.1980 15.15210473125964
GRIFEX                  
1 40379U 15003D   17134.91735105  .00001625  00000-0  76759-4 0  9991
2 40379  99.1235 310.2035 0143609 119.4937 242.0701 15.12805296125840
EXOCUBE                 
1 40380U 15003E   17134.93711398  .00001232  00000-0  61295-4 0  9996
2 40380  99.1270 309.0475 0147037 123.1118 238.4319 15.11368903125760
DEORBITSAIL             
1 40719U 15032E   17134.63339834  .00000365  00000-0  60402-4 0  9997
2 40719  97.9840  28.8049 0015034 250.7229 109.2354 14.76019957 99372
TIANWANG 1C (TW-1C)     
1 40926U 15051B   17134.78765671  .00004770  00000-0  11301-3 0  9993
2 40926  97.2325 174.6132 0009822 294.4916 155.7007 15.42199609 91776
TIANWANG 1B (TW-1B)     
1 40927U 15051C   17134.90543000  .00004632  00000-0  11383-3 0  9995
2 40927  97.2417 174.7601 0009356 304.9743 180.4573 15.41109188 91740
TIANWANG 1A (TW-1A)     
1 40928U 15051D   17134.79715514  .00002437  00000-0  71983-4 0  9998
2 40928  97.2295 171.2118 0011375 326.2140 121.8511 15.35857762 91575
LEMUR-2-JOEL            
1 40932U 15052C   17134.06356602  .00000954  00000-0  42388-4 0  9992
2 40932   6.0058 111.5325 0013149 133.9017 226.2382 14.77454236 87956
LEMUR-2-CHRIS           
1 40933U 15052D   17134.06919455  .00001026  00000-0  51831-4 0  9998
2 40933   6.0026 110.4191 0013886 140.0302 220.0962 14.77598722 87961
LEMUR-2-JEROEN          
1 40934U 15052E   17134.02509006  .00000969  00000-0  45750-4 0  9990
2 40934   6.0042 115.7227 0010409 121.4328 238.7092 14.76915611 87887
LEMUR-2-PETER           
1 40935U 15052F   17134.24198118  .00001126  00000-0  68080-4 0  9990
2 40935   6.0036 115.4537 0010238 123.0131 237.1025 14.76709069 87913
EXACTVIEW 9             
1 40936U 15052G   17131.12461154  .00000810  00000-0  24701-4 0  9999
2 40936   6.0043 139.7643 0010164  66.8448 293.3828 14.76236930 87447
ATHENOXAT 1             
1 41168U 15077C   17134.93944765  .00001865  00000-0  68253-4 0  9991
2 41168  14.9850  52.3045 0012277 275.2230 148.3709 15.11474649 78007
GALASSIA                
1 41170U 15077E   17134.13384081  .00001607  00000-0  52388-4 0  9991
2 41170  14.9895  54.7463 0013641 281.4721  78.4068 15.11987558 77917
VELOX 2                 
1 41171U 15077F   17134.12554016  .00001354  00000-0  41702-4 0  9995
2 41171  14.9917  65.9423 0009265 240.5537 119.3859 15.09793842 77811
AGGIESAT 4              
1 41313U 98067HP  17134.47930424  .00013107  00000-0  10088-3 0  9993
2 41313  51.6350 175.6124 0005098  14.9594 345.1554 15.72383588 73629
BEVO 2                  
1 41314U 98067HQ  17134.92964353  .00171984  23416-4  34663-3 0  9995
2 41314  51.6205 149.4611 0008172  30.7889 329.3598 15.99222005 73816
HORYU-IV                
1 41340U 16012D   17134.86167878  .00000483  00000-0  30626-4 0  9995
2 41340  31.0062 320.8216 0014035 104.1838 256.0357 15.00561911 68007
OUFTI-1                 
1 41458U 16025C   17134.89357926  .00001780  00000-0  98754-4 0  9994
2 41458  98.1905 170.5585 0175894  41.4535 319.9883 15.03033813 57586
E-ST@R-II               
1 41459U 16025D   17134.91113812  .00002260  00000-0  12465-3 0  9990
2 41459  98.1879 170.5360 0175902  41.4815 319.9608 15.02882151 57579
AAUSAT 4                
1 41460U 16025E   17134.86108416  .00001557  00000-0  87322-4 0  9993
2 41460  98.1804 170.5695 0169420  40.2197 321.1411 15.03711466 57587
DIWATA-1                
1 41463U 98067HT  17134.63503322  .00004679  00000-0  58993-4 0  9992
2 41463  51.6426 194.5626 0001607  34.4526  63.1811 15.61762802 59557
MINXSS                  
1 41474U 98067HU  17125.52237589  .05724416  12300-4  86147-3 0  9995
2 41474  51.6449 208.6967 0008167 329.0747  30.9230 16.33400422 55623
STMSAT-1                
1 41476U 98067HW  17110.92644424  .05491109  12138-4  11894-2 0  9990
2 41476  51.6168 282.7472 0011810 288.2314  71.7422 16.29591596 53242
NODES 2                 
1 41477U 98067HX  17134.49804446  .00033034  00000-0  19026-3 0  9992
2 41477  51.6281 177.8985 0005331 357.7422   2.3554 15.78364886 56742
NODES 1                 
1 41478U 98067HY  17134.21312156  .00031486  00000-0  18503-3 0  9993
2 41478  51.6316 179.7580 0004903 357.2609   2.8364 15.77942181 56697
FLOCK 2E'-1             
1 41479U 98067HZ  17134.50551029  .00010834  00000-0  10199-3 0  9997
2 41479  51.6344 187.8147 0001342  56.4954 303.6170 15.67699001 56576
FLOCK 2E'-3             
1 41480U 98067JA  17134.21048010  .00010219  00000-0  96491-4 0  9995
2 41480  51.6344 188.8646 0000521 349.2441  10.8544 15.67699563 56525
FLOCK 2E'-2             
1 41481U 98067JB  17134.55926822  .00012300  00000-0  11172-3 0  9994
2 41481  51.6330 185.9094 0001833  54.1867 305.9300 15.68434156 56587
FLOCK 2E'-4             
1 41482U 98067JC  17134.24815022  .00018501  00000-0  15533-3 0  9994
2 41482  51.6331 186.8195 0001974 343.9080  16.1854 15.69967968 56547
FLOCK 2E-1              
1 41483U 98067ID  17134.53294904  .00009317  00000-0  91049-4 0  9999
2 41483  51.6359 188.0492 0001869 305.5173  54.5648 15.66971400 56429
FLOCK 2E-2              
1 41484U 98067JE  17134.55134034  .00010971  00000-0  10067-3 0  9997
2 41484  51.6369 186.6883 0001965 321.8492  38.2365 15.68321173 56446
FLOCK 2E-3              
1 41486U 98067JG  17134.53084095  .00014571  00000-0  14423-3 0  9998
2 41486  51.6354 189.5283 0002889 331.7030  28.3809 15.66105865 56429
FLOCK 2E-4              
1 41487U 98067JH  17134.52966186  .00008580  00000-0  83730-4 0  9999
2 41487  51.6355 187.9961 0003291 330.9863  29.0950 15.67133643 56442
FLOCK 2E-6              
1 41563U 98067JM  17134.55700520  .00007468  00000-0  77560-4 0  9993
2 41563  51.6351 189.6776 0001594  65.8435 294.2727 15.65786725 54493
FLOCK 2E-5              
1 41564U 98067JN  17134.56535144  .00007834  00000-0  81451-4 0  9994
2 41564  51.6352 189.7404 0001370  65.1190 294.9947 15.65673765 54486
FLOCK 2E-7              
1 41565U 98067JP  17134.50071103  .00011412  00000-0  10446-3 0  9991
2 41565  51.6345 187.0328 0004697 354.9385   5.1564 15.68328760 54410
FLOCK 2E-8              
1 41566U 98067JQ  17134.52009780  .00079889  00000-0  30558-3 0  9994
2 41566  51.6299 172.7426 0008746  12.5563 347.5658 15.86702440 54590
FLOCK 2E'-5             
1 41567U 98067JR  17134.54096433  .00007103  00000-0  76740-4 0  9992
2 41567  51.6361 191.0882 0004736  10.3329 349.7762 15.64870291 54330
FLOCK 2E'-6             
1 41568U 98067JS  17134.55513704  .00007990  00000-0  80359-4 0  9994
2 41568  51.6346 188.9001 0004470   8.6867 351.4206 15.66487661 54390
FLOCK 2E'-8             
1 41569U 98067JT  17134.53936194  .00011868  00000-0  10735-3 0  9994
2 41569  51.6342 186.5448 0002436 341.3354  18.7553 15.68579191 54305
FLOCK 2E'-7             
1 41570U 98067JU  17134.54099537  .00018475  00000-0  14892-3 0  9997
2 41570  51.6350 184.3194 0003235 324.6444  35.4339 15.70953160 54350
FLOCK 2E-9              
1 41571U 98067JV  17134.54678075  .00011311  00000-0  10109-3 0  9997
2 41571  51.6349 185.8583 0004373 356.6456   3.4511 15.68931034 54292
FLOCK 2E-10             
1 41572U 98067JW  17134.17167574  .00010484  00000-0  98648-4 0  9999
2 41572  51.6351 189.3572 0004744 357.4710   2.6262 15.67750525 54216
FLOCK 2E-12             
1 41573U 98067JX  17134.25335089  .00011229  00000-0  10251-3 0  9998
2 41573  51.6344 188.3925 0004533   7.8922 352.2145 15.68414843 54234
FLOCK 2E-11             
1 41574U 98067JY  17134.25224144  .00011849  00000-0  10679-3 0  9990
2 41574  51.6331 187.5949 0005230  10.3341 349.7763 15.68664660 54249
FLOCK 2E'-9             
1 41575U 98067JZ  17134.52304838  .00012332  00000-0  10724-3 0  9999
2 41575  51.6327 185.6339 0005072  21.1678 338.9528 15.69499201 54285
FLOCK 2E'-10            
1 41576U 98067KA  17134.56316906  .00012114  00000-0  10951-3 0  9993
2 41576  51.6354 186.7318 0004872  21.9974 338.1231 15.68564687 54170
FLOCK 2E'-11            
1 41577U 98067KB  17134.52524882  .00010182  00000-0  94833-4 0  9999
2 41577  51.6356 187.2358 0005211   4.9459 355.1588 15.68045427 53988
FLOCK 2E'-12            
1 41578U 98067KC  17134.54972313  .00015656  00000-0  13705-3 0  9997
2 41578  51.6333 186.5899 0005740 355.5147   4.5798 15.69082308 53991
LEMUR-2-DRMUZZ          
1 41595U 16019B   17134.49418439  .00100172  14939-4  30094-3 0  9999
2 41595  51.6281 166.5101 0005395  15.2679 344.8489 15.92181470 51386
FLOCK 2P-6              
1 41606U 16040H   17134.89933460  .00002789  00000-0  12518-3 0  9992
2 41606  97.4612 197.8707 0011168 181.5698 178.5505 15.21971823 49645
FLOCK 2P-11             
1 41608U 16040K   17134.90468114  .00001965  00000-0  89145-4 0  9991
2 41608  97.4612 197.8495 0011158 181.9130 178.2066 15.21967059 49583
FLOCK 2P-2              
1 41609U 16040L   17134.59232995  .00001566  00000-0  71664-4 0  9997
2 41609  97.4618 197.5240 0011049 182.5101 177.6081 15.21969737 49517
FLOCK 2P-9              
1 41610U 16040M   17134.86721440  .00002087  00000-0  94322-4 0  9992
2 41610  97.4609 197.7581 0011233 181.9069 178.2126 15.22018800 49435
FLOCK 2P-4              
1 41611U 16040N   17134.89376829  .00001376  00000-0  63361-4 0  9992
2 41611  97.4640 197.9754 0011204 191.2647 168.8340 15.21969909 49605
FLOCK 2P-10             
1 41612U 16040P   17134.87194058  .00002356  00000-0  10627-3 0  9998
2 41612  97.4641 198.0227 0010965 190.9497 169.1502 15.21968099 49609
FLOCK 2P-8              
1 41613U 16040Q   17134.88836217  .00002640  00000-0  11869-3 0  9995
2 41613  97.4635 197.9866 0011035 190.3776 169.7234 15.21972294 49603
FLOCK 2P-12             
1 41614U 16040R   17134.65274877  .00002004  00000-0  90849-4 0  9999
2 41614  97.4652 197.8821 0010678 190.8796 169.2211 15.21966523 49576
FLOCK 2P-7              
1 41615U 16040S   17134.94844292  .00000864  00000-0  40929-4 0  9992
2 41615  97.4637 198.0483 0010924 191.4935 168.6054 15.21976587 49617
FLOCK 2P-5              
1 41616U 16040T   17134.79518354  .00001796  00000-0  81727-4 0  9999
2 41616  97.4652 197.9975 0010729 189.9948 170.1076 15.21972952 49577
FLOCK 2P-1              
1 41617U 16040U   17134.65214033  .00001643  00000-0  75057-4 0  9992
2 41617  97.4654 197.8807 0010569 191.2044 168.8959 15.21974562 49571
FLOCK 2P-3              
1 41618U 16040V   17134.81162481  .00002110  00000-0  95487-4 0  9999
2 41618  97.4645 197.9705 0010636 190.1604 169.9419 15.21966518 49592
BEESAT-4                
1 41619U 16040W   17134.82977241  .00001221  00000-0  58806-4 0  9995
2 41619  97.4650 197.5365 0012283 176.8060 183.3256 15.20613692 37524
3CAT-2                  
1 41732U 16051B   17134.90822818  .00000983  00000-0  42444-4 0  9996
2 41732  97.3781  52.3940 0015295  36.4861  20.9966 15.24775637 41461
FLOCK 2E'-13            
1 41761U 98067KH  17134.59267093  .00005634  00000-0  74164-4 0  9990
2 41761  51.6376 199.7321 0006421 130.8047 229.3504 15.60144476 37662
FLOCK 2E'-14            
1 41762U 98067KJ  17134.58152948  .00005826  00000-0  76072-4 0  9995
2 41762  51.6386 199.6755 0006266 131.1772 228.9763 15.60288232 37661
FLOCK 2E'-16            
1 41763U 98067KK  17134.56194392  .00006226  00000-0  79681-4 0  9997
2 41763  51.6385 199.5404 0005459 141.4664 218.6720 15.60685561 37629
FLOCK 2E'-15            
1 41764U 98067KL  17134.53769734  .00005585  00000-0  73847-4 0  9998
2 41764  51.6386 200.1287 0005934 138.0424 222.1025 15.60049674 37619
FLOCK 2E'-18            
1 41769U 98067KM  17134.58833918  .00005541  00000-0  73207-4 0  9996
2 41769  51.6385 199.7112 0004792 161.0335 199.0838 15.60090466 37621
FLOCK 2E'-17            
1 41776U 98067KN  17134.58158976  .00006085  00000-0  79669-4 0  9990
2 41776  51.6393 199.6799 0005080 162.3801 197.7369 15.60120903 37614
FLOCK 2E'-19            
1 41777U 98067KP  17134.55439592  .00008767  00000-0  10346-3 0  9999
2 41777  51.6372 197.9710 0003860 160.2029 199.9115 15.62216745 37591
FLOCK 2E'-20            
1 41782U 98067KQ  17134.53913953  .00007021  00000-0  85904-4 0  9996
2 41782  51.6386 198.6372 0003933 156.2205 203.8971 15.61643345 37455
CANX-7                  
1 41788U 16059F   17134.71309806  .00007129  00000-0  13650-2 0  9995
2 41788  98.1707 196.7385 0029291 265.0708  94.7115 14.63842047 33699
ALSAT 1N                
1 41789U 16059G   17134.86555213  .00000082  00000-0  24959-4 0  9994
2 41789  98.1700 197.0149 0026922 259.4434 100.3717 14.64038982 33739
RAVAN                   
1 41849U 16067B   17134.66854345  .00000459  00000-0  45321-4 0  9990
2 41849  97.9495 212.1865 0009487  57.3753 302.8383 14.96903438 27490
CELTEE 1                
1 41850U 16067C   17134.16350375  .00000729  00000-0  69470-4 0  9992
2 41850  97.9498 211.6057 0010192  58.7237 301.4980 14.96528305 27415
OPTICUBE 04             
1 41851U 16067D   17134.90319338  .00000461  00000-0  45957-4 0  9996
2 41851  97.9497 212.3480 0010307  56.8856 303.3352 14.96471534 27524
AEROCUBE 8D             
1 41852U 16067E   17134.67690407  .00000278  00000-0  30052-4 0  9996
2 41852  97.9502 212.0441 0010732  56.2647 303.9594 14.96165336 27489
AEROCUBE 8C             
1 41853U 16067F   17134.68143012  .00000419  00000-0  42578-4 0  9996
2 41853  97.9502 212.0370 0011181  57.4540 302.7759 14.96128906 27487
PROMETHEUS 2-1          
1 41854U 16067G   17134.15957904  .00000865  00000-0  82308-4 0  9992
2 41854  97.9509 211.4781 0011704  59.1129 301.1241 14.96068109 27406
PROMETHEUS 2-3          
1 41855U 16067H   17134.42830745  .00000876  00000-0  83274-4 0  9991
2 41855  97.9510 211.7504 0011905  58.5069 301.7313 14.96060943 27442
LEMUR-2-XIAOQING        
1 41871U 16062C   17134.72352627  .00001430  00000-0  76079-4 0  9997
2 41871  51.6297 245.9373 0007170 120.7043  31.7064 15.22015720 25843
LEMUR-2-SOKOLSKY        
1 41872U 16062D   17134.83007329  .00000308  00000-0  27577-4 0  9998
2 41872  51.6344 245.3157 0005970 121.3588 316.2973 15.22168120 25852
LEMUR-2-ANUBHAVTHAKUR   
1 41873U 16062E   17134.68685679  .00001244  00000-0  69055-4 0  9999
2 41873  51.6431 246.4457 0007751 115.2213  25.3723 15.21480439 25817
LEMUR-2-WINGO           
1 41874U 16062F   17134.91845003  .00001562  00000-0  82109-4 0  9993
2 41874  51.6310 245.0893 0007056 116.6774 340.7687 15.21877029 25861
STARS-C                 
1 41895U 98067KR  17134.59764135  .00012375  00000-0  15601-3 0  9997
2 41895  51.6380 202.7705 0003128 195.7611 164.3285 15.60023581 22744
TANCREDO-1              
1 41931U 98067KT  17134.59759082  .00026918  00000-0  27892-3 0  9996
2 41931  51.6367 201.2601 0003597 126.7941 233.3385 15.64479172 18332
ITF-2                   
1 41932U 98067KU  17134.55000481  .00007662  00000-0  10537-3 0  9998
2 41932  51.6402 203.9587 0005138 136.7410 223.3987 15.58353504 18295
WASEDA-SAT3             
1 41933U 98067KV  17134.28021194  .00008430  00000-0  11354-3 0  9995
2 41933  51.6386 205.1520 0004960 137.7872 222.3503 15.58761367 18252
EGG                     
1 41934U 98067KW  17134.58632542  .08429926  12146-4  22100-2 0  9997
2 41934  51.6182 194.2940 0005621  10.1440 349.6758 16.27713558 18511
AOBA-VELOX 3            
1 41935U 98067KX  17134.28959148  .00008069  00000-0  10975-3 0  9992
2 41935  51.6401 205.2177 0004432 139.0580 221.0746 15.58568829 18350
TUPOD                   
1 41936U 98067KY  17134.58896366  .00040636  00000-0  37075-3 0  9994
2 41936  51.6361 200.4528 0001698  75.3240 284.7944 15.67454939 17822
OSNSAT                  
1 41939U 98067KZ  17134.55788586  .00016090  00000-0  18852-3 0  9997
2 41939  51.6380 202.5006 0005045 137.2606 222.8781 15.61683875 17665
FLOCK 3P-8              
1 41951U 17008D   17134.91115729  .00003190  00000-0  14219-3 0  9990
2 41951  97.4976 196.3111 0006988 317.1008  42.9683 15.22146004 13479
FLOCK 3P-51             
1 41952U 17008E   17134.88949594  .00001689  00000-0  76319-4 0  9993
2 41952  97.4987 196.3469 0007435 339.0075  21.0854 15.22345536 13472
FLOCK 3P-37             
1 41953U 17008F   17134.93941888  .00001946  00000-0  86584-4 0  9999
2 41953  97.4985 196.4290 0006958 344.8158  15.2868 15.22678616 13488
INS-1B                  
1 41954U 17008G   17134.86377245  .00001108  00000-0  52201-4 0  9991
2 41954  97.4961 196.1970 0008380 315.3851  44.6709 15.21595487 13404
FLOCK 3P-19             
1 41955U 17008H   17134.85550548  .00002940  00000-0  13186-3 0  9993
2 41955  97.4972 196.2276 0007802 316.2286  43.8331 15.21991019 13387
FLOCK 3P-24             
1 41956U 17008J   17134.85549299  .00003444  00000-0  15387-3 0  9990
2 41956  97.4972 196.2286 0007642 312.7322  47.3270 15.22003572 13462
FLOCK 3P-18             
1 41957U 17008K   17134.85633876  .00003549  00000-0  15863-3 0  9991
2 41957  97.4973 196.2293 0007832 313.7645  46.2942 15.21969762 13300
FLOCK 3P-22             
1 41958U 17008L   17134.85607220  .00003221  00000-0  14438-3 0  9990
2 41958  97.4974 196.2296 0007627 314.5308  45.5304 15.21942639 13298
FLOCK 3P-21             
1 41959U 17008M   17134.91479908  .00002566  00000-0  11534-3 0  9993
2 41959  97.4978 196.3078 0007490 317.3022  42.7631 15.22035077 13319
FLOCK 3P-28             
1 41960U 17008N   17134.91554253  .00003302  00000-0  14727-3 0  9998
2 41960  97.4976 196.3057 0007233 315.6748  44.3909 15.22090653 13392
FLOCK 3P-26             
1 41961U 17008P   17134.91931804  .00003016  00000-0  13525-3 0  9997
2 41961  97.4975 196.3001 0007475 314.5169  45.5456 15.21977805 13318
FLOCK 3P-17             
1 41962U 17008Q   17134.90914309  .00001521  00000-0  69294-4 0  9992
2 41962  97.4981 196.3137 0007364 318.1490  41.9182 15.22201217 13268
FLOCK 3P-27             
1 41963U 17008R   17134.85581397  .00003137  00000-0  14089-3 0  9990
2 41963  97.4976 196.2332 0007587 315.0509  45.0111 15.21889473 13300
FLOCK 3P-25             
1 41964U 17008S   17134.91687582  .00002875  00000-0  12891-3 0  9998
2 41964  97.4974 196.3020 0007268 316.2534  43.8126 15.22025673 13296
FLOCK 3P-4              
1 41965U 17008T   17134.91349696  .00002932  00000-0  13112-3 0  9991
2 41965  97.4977 196.3093 0007241 317.7076  42.3601 15.22094984 13392
FLOCK 3P 2              
1 41966U 17008U   17134.91345431  .00001153  00000-0  53444-4 0  9992
2 41966  97.4984 196.3111 0007070 315.1301  44.9363 15.22104748 13310
FLOCK 3P-1              
1 41967U 17008V   17134.91422582  .00001916  00000-0  86968-4 0  9990
2 41967  97.4985 196.3106 0007268 316.3936  43.6724 15.22022829 13318
FLOCK 3P-3              
1 41968U 17008W   17134.91467067  .00003405  00000-0  15189-3 0  9999
2 41968  97.4976 196.3077 0007153 315.5257  44.5404 15.22067558 13397
FLOCK 3P-6              
1 41969U 17008X   17134.91244558  .00003026  00000-0  13522-3 0  9996
2 41969  97.4978 196.3128 0006935 315.9824  44.0860 15.22091861 13304
FLOCK 3P-7              
1 41970U 17008Y   17134.90291924  .00003405  00000-0  15118-3 0  9990
2 41970  97.4979 196.3258 0007059 319.4589  40.6121 15.22229743 13311
FLOCK 3P-5              
1 41971U 17008Z   17134.90873384  .00001473  00000-0  67342-4 0  9997
2 41971  97.4986 196.3195 0007042 318.6585  41.4118 15.22147896 13244
FLOCK 3P-12             
1 41972U 17008AA  17134.90781558  .00002445  00000-0  10964-3 0  9996
2 41972  97.4979 196.3206 0006839 318.7498  41.3220 15.22166314 13392
FLOCK 3P-9              
1 41973U 17008AB  17134.91065191  .00002485  00000-0  11155-3 0  9993
2 41973  97.4981 196.3190 0006958 316.7935  43.2754 15.22118185 13390
FLOCK 3P-10             
1 41974U 17008AC  17134.90654546  .00002331  00000-0  10453-3 0  9991
2 41974  97.4981 196.3249 0006814 318.4158  41.6559 15.22212064 13287
FLOCK 3P-11             
1 41975U 17008AD  17134.91202271  .00003273  00000-0  14629-3 0  9992
2 41975  97.4981 196.3168 0007048 317.7294  42.3398 15.22030689 13281
FLOCK 3P-60             
1 41976U 17008AE  17134.89853972  .00002047  00000-0  91868-4 0  9999
2 41976  97.4982 196.3354 0006807 320.0909  39.9826 15.22324046 12642
FLOCK 3P-58             
1 41977U 17008AF  17134.90726225  .00002333  00000-0  10486-3 0  9996
2 41977  97.4980 196.3219 0006794 318.8981  41.1742 15.22140789 13475
FLOCK 3P-57             
1 41978U 17008AG  17134.90631001  .00003707  00000-0  16443-3 0  9999
2 41978  97.4980 196.3241 0006856 317.2497  42.8205 15.22204563 13311
FLOCK 3P-75             
1 41979U 17008AH  17134.90579466  .00002936  00000-0  13085-3 0  9998
2 41979  97.5002 196.3551 0007188 320.4147  39.6563 15.22207927 13463
FLOCK 3P-70             
1 41980U 17008AJ  17134.90543171  .00003464  00000-0  15374-3 0  9994
2 41980  97.5002 196.3566 0007121 319.8904  40.1806 15.22224304 13310
FLOCK 3P-73             
1 41981U 17008AK  17134.90680672  .00003239  00000-0  14426-3 0  9990
2 41981  97.5002 196.3545 0007314 320.2382  39.8317 15.22152692 13444
FLOCK 3P-88             
1 41982U 17008AL  17134.90385524  .00003722  00000-0  16486-3 0  9994
2 41982  97.5000 196.3551 0007161 320.4486  39.6227 15.22244928 12415
FLOCK 3P-85             
1 41983U 17008AM  17134.89350754  .00002109  00000-0  94494-4 0  9994
2 41983  97.5002 196.3702 0007266 325.1701  34.9059 15.22355515 13310
FLOCK 3P-79             
1 41984U 17008AN  17134.89435826  .00002156  00000-0  96510-4 0  9992
2 41984  97.5002 196.3686 0006909 325.6566  34.4223 15.22360940 13315
FLOCK 3P-86             
1 41985U 17008AP  17134.89539581  .00002634  00000-0  11720-3 0  9996
2 41985  97.5000 196.3659 0006859 324.7710  35.3072 15.22368659 13305
FLOCK 3P-36             
1 41986U 17008AQ  17134.89890397  .00003466  00000-0  15339-3 0  9996
2 41986  97.4983 196.3357 0006372 321.3927  38.6853 15.22326765 12790
FLOCK 3P-30             
1 41987U 17008AR  17134.89126708  .00000897  00000-0  41895-4 0  9997
2 41987  97.4990 196.3467 0006486 324.3309  35.7493 15.22400156 13262
FLOCK 3P-34             
1 41988U 17008AS  17134.90102524  .00002948  00000-0  13107-3 0  9993
2 41988  97.4980 196.3305 0006462 318.7045  41.3702 15.22293445 12795
FLOCK 3P-35             
1 41989U 17008AT  17134.90211933  .00003562  00000-0  15793-3 0  9995
2 41989  97.4979 196.3289 0006555 318.2565  41.8170 15.22248694 12790
FLOCK 3P-33             
1 41990U 17008AU  17134.89771439  .00003008  00000-0  13360-3 0  9990
2 41990  97.4981 196.3358 0006281 321.2779  38.8006 15.22316024 12796
LEMUR-2-SATCHMO         
1 41991U 17008AV  17134.90227471  .00000973  00000-0  45657-4 0  9998
2 41991  97.4986 196.3301 0006786 322.9110  37.1656 15.22045868 12795
LEMUR-2-MIA-GRACE       
1 41992U 17008AW  17134.83125582  .00001395  00000-0  63809-4 0  9999
2 41992  97.4988 196.2729 0006695 323.8410  36.2373 15.22202301 12785
LEMUR-2-SMITA-SHARAD    
1 41993U 17008AX  17134.89943683  .00001231  00000-0  56812-4 0  9991
2 41993  97.4987 196.3346 0006649 323.3557  36.7223 15.22126652 12791
LEMUR-2-SPIRE-MINIONS   
1 41994U 17008AY  17134.89930492  .00001620  00000-0  73769-4 0  9998
2 41994  97.4987 196.3339 0006599 323.5022  36.5764 15.22129367 12791
LEMUR-2-RDEATON         
1 41995U 17008AZ  17134.89781886  .00001217  00000-0  56145-4 0  9991
2 41995  97.4988 196.3376 0008027 336.7667  23.3205 15.22154684 13473
LEMUR-2-NOGUECORREIG    
1 41996U 17008BA  17134.89472997  .00001425  00000-0  65040-4 0  9997
2 41996  97.4988 196.3417 0008005 337.2998  22.7883 15.22241853 12692
LEMUR-2-JOBANPUTRA      
1 41997U 17008BB  17134.82582616  .00001677  00000-0  75809-4 0  9994
2 41997  97.4988 196.2809 0007854 337.7777  22.3118 15.22338880 12771
LEMUR-2-TACHIKOMA       
1 41998U 17008BC  17134.89608749  .00001026  00000-0  47795-4 0  9999
2 41998  97.4987 196.3395 0008049 337.6826  22.4059 15.22159060 12713
BGUSAT                  
1 41999U 17008BD  17134.88881622  .00001716  00000-0  77348-4 0  9995
2 41999  97.4992 196.3525 0007897 339.7211  20.3710 15.22394489 12780
DIDO-2                  
1 42000U 17008BE  17134.89668362  .00000842  00000-0  39847-4 0  9995
2 42000  97.4986 196.3389 0008064 338.2809  21.8084 15.22114071 12797
FLOCK 3P-49             
1 42001U 17008BF  17134.88615560  .00001068  00000-0  49263-4 0  9991
2 42001  97.4988 196.3510 0007530 339.9558  20.1382 15.22423305 13317
FLOCK 3P-67             
1 42002U 17008BG  17134.89029998  .00002439  00000-0  10872-3 0  9993
2 42002  97.4981 196.3441 0007415 339.0296  21.0635 15.22369039 13477
FLOCK 3P-68             
1 42003U 17008BH  17134.82518792  .00000863  00000-0  40513-4 0  9997
2 42003  97.4985 196.2773 0007514 338.5215  21.5704 15.22319436 13102
FLOCK 3P-41             
1 42004U 17008BJ  17134.94884184  .00001460  00000-0  66194-4 0  9999
2 42004  97.4984 196.4148 0007393 341.5477  18.5490 15.22446275 13323
FLOCK 3P-45             
1 42005U 17008BK  17134.88623096  .00002452  00000-0  10926-3 0  9999
2 42005  97.4980 196.3492 0007350 340.6292  19.4663 15.22378820 13477
FLOCK 3P-48             
1 42006U 17008BL  17134.88493742  .00002245  00000-0  10024-3 0  9992
2 42006  97.4987 196.3518 0007334 341.9350  18.1624 15.22405325 13255
FLOCK 3P-43             
1 42007U 17008BM  17134.88323281  .00001203  00000-0  55095-4 0  9994
2 42007  97.4985 196.3512 0007216 341.8242  18.2735 15.22442777 13476
FLOCK 3P-42             
1 42008U 17008BN  17134.88310530  .00002003  00000-0  89728-4 0  9997
2 42008  97.4983 196.3500 0007223 341.8698  18.2280 15.22419066 13396
FLOCK 3P-61             
1 42009U 17008BP  17134.88049816  .00002835  00000-0  12570-3 0  9997
2 42009  97.4979 196.3539 0007210 344.2813  15.8198 15.22418191 13441
FLOCK 3P-40             
1 42010U 17008BQ  17134.87708304  .00000928  00000-0  43150-4 0  9992
2 42010  97.4979 196.3535 0007135 345.0888  15.0136 15.22489631 12705
FLOCK 3P-16             
1 42011U 17008BR  17134.87218363  .00001036  00000-0  47624-4 0  9995
2 42011  97.4981 196.3616 0006885 346.2275  13.8772 15.22621622 12646
FLOCK 3P-14             
1 42012U 17008BS  17134.87244511  .00000868  00000-0  40465-4 0  9998
2 42012  97.4983 196.3633 0007041 347.9987  12.1080 15.22565906 13266
FLOCK 3P-53             
1 42013U 17008BT  17134.87448959  .00001026  00000-0  47336-4 0  9992
2 42013  97.4977 196.3535 0006964 346.7070  13.3982 15.22518615 13263
FLOCK 3P-54             
1 42014U 17008BU  17134.93856285  .00000896  00000-0  41667-4 0  9990
2 42014  97.4980 196.4239 0006884 347.2899  12.8163 15.22554064 13483
PEASSS                  
1 42015U 17008BV  17134.86307026  .00001000  00000-0  45957-4 0  9991
2 42015  97.4976 196.3690 0006193 351.9335   8.1800 15.22718584 13271
AL-FARABI 1             
1 42016U 17008BW  17134.85957161  .00001278  00000-0  57674-4 0  9998
2 42016  97.4979 196.3761 0006090 353.0480   7.0670 15.22821726 13393
NAYIF-1 (EO-88)         
1 42017U 17008BX  17134.92449223  .00001279  00000-0  57710-4 0  9994
2 42017  97.4978 196.4424 0006072 353.1272   6.9880 15.22836179 13423
FLOCK 3P-23             
1 42018U 17008BY  17134.85286246  .00003196  00000-0  14291-3 0  9997
2 42018  97.4973 196.2322 0007391 315.2203  44.8435 15.22034059 12234
FLOCK 3P-76             
1 42019U 17008BZ  17134.90155194  .00002425  00000-0  10828-3 0  9997
2 42019  97.5010 196.3628 0007215 323.1080  36.9659 15.22315974 13301
FLOCK 3P-69             
1 42020U 17008CA  17134.89978030  .00001539  00000-0  69787-4 0  9993
2 42020  97.5010 196.3645 0007104 321.5387  38.5342 15.22355959 12191
FLOCK 3P-84             
1 42021U 17008CB  17134.90621386  .00002549  00000-0  11407-3 0  9992
2 42021  97.4999 196.3525 0007264 320.4475  39.6231 15.22195823 13313
FLOCK 3P-59             
1 42022U 17008CC  17134.90195720  .00001898  00000-0  85639-4 0  9996
2 42022  97.4986 196.3295 0006955 321.3480  38.7257 15.22227793 12337
FLOCK 3P-32             
1 42023U 17008CD  17134.90555311  .00002182  00000-0  98115-4 0  9993
2 42023  97.4981 196.3267 0006697 317.2776  42.7939 15.22189748 13472
FLOCK 3P-71             
1 42024U 17008CE  17134.90602959  .00002328  00000-0  10465-3 0  9998
2 42024  97.5003 196.3567 0007196 321.0264  39.0452 15.22136007 12346
FLOCK 3P-77             
1 42025U 17008CF  17134.90209304  .00002245  00000-0  10066-3 0  9991
2 42025  97.5001 196.3588 0007060 323.2194  36.8556 15.22264147 13319
FLOCK 3P-80             
1 42026U 17008CG  17134.89131850  .00001430  00000-0  64784-4 0  9992
2 42026  97.5006 196.3708 0006888 325.2039  34.8746 15.22493096 11455
FLOCK 3P-66             
1 42027U 17008CH  17134.89101083  .00002115  00000-0  94760-4 0  9996
2 42027  97.4982 196.3452 0007438 337.6795  22.4116 15.22343968 13427
FLOCK 3P-65             
1 42028U 17008CJ  17134.88983611  .00000931  00000-0  43383-4 0  9990
2 42028  97.4987 196.3468 0007399 337.8630  22.2286 15.22388066 13329
FLOCK 3P-50             
1 42029U 17008CK  17134.88672958  .00000869  00000-0  40690-4 0  9998
2 42029  97.4990 196.3524 0007355 340.7592  19.3365 15.22389585 12645
FLOCK 3P-52             
1 42030U 17008CL  17134.88818602  .00001282  00000-0  58640-4 0  9992
2 42030  97.4986 196.3471 0007342 339.5957  20.4985 15.22362164 13411
FLOCK 3P-46             
1 42031U 17008CM  17134.88532512  .00000885  00000-0  41401-4 0  9991
2 42031  97.4984 196.3490 0007274 340.7553  19.3408 15.22400201 13479
FLOCK 3P-47             
1 42032U 17008CN  17134.95055707  .00000934  00000-0  43516-4 0  9990
2 42032  97.4985 196.4155 0007320 341.1385  18.9579 15.22388146 13309
FLOCK 3P-44             
1 42033U 17008CP  17134.94667688  .00001218  00000-0  55702-4 0  9993
2 42033  97.4986 196.4212 0007293 343.4991  16.6006 15.22453878 12058
FLOCK 3P-64             
1 42034U 17008CQ  17134.88055544  .00001612  00000-0  72767-4 0  9997
2 42034  97.4983 196.3524 0007225 343.9960  16.1047 15.22433582 13463
FLOCK 3P-63             
1 42035U 17008CR  17134.87982452  .00000851  00000-0  39872-4 0  9998
2 42035  97.4982 196.3520 0007235 344.2069  15.8941 15.22443336 11436
FLOCK 3P-62             
1 42036U 17008CS  17134.94314675  .00001945  00000-0  86976-4 0  9995
2 42036  97.4983 196.4221 0007217 345.3205  14.7820 15.22516699 12642
FLOCK 3P-38             
1 42037U 17008CT  17134.94352452  .00000826  00000-0  38729-4 0  9991
2 42037  97.4981 196.4201 0006965 345.3893  14.7140 15.22474793 13421
FLOCK 3P-39             
1 42038U 17008CU  17134.87748003  .00001395  00000-0  63260-4 0  9995
2 42038  97.4979 196.3522 0007219 345.0646  15.0376 15.22497381 13366
FLOCK 3P-15             
1 42039U 17008CV  17134.87822442  .00000748  00000-0  35416-4 0  9999
2 42039  97.4982 196.3543 0007078 344.8392  15.2631 15.22437967 12642
FLOCK 3P-13             
1 42040U 17008CW  17134.94163498  .00001505  00000-0  67995-4 0  9997
2 42040  97.4983 196.4238 0007050 345.4963  14.6070 15.22517310 12649
FLOCK 3P 55             
1 42041U 17008CX  17134.86691712  .00000992  00000-0  45655-4 0  9992
2 42041  97.4983 196.3685 0006935 351.2224   8.8890 15.22681973 13475
FLOCK 3P-56             
1 42042U 17008CY  17134.93356066  .00000974  00000-0  44923-4 0  9998
2 42042  97.4979 196.4285 0006901 349.2780  10.8308 15.22645942 13276
FLOCK 3P-81             
1 42043U 17008CZ  17134.89733627  .00001995  00000-0  89607-4 0  9998
2 42043  97.5002 196.3653 0007062 324.8615  35.2154 15.22337888 12656
FLOCK 3P-87             
1 42044U 17008DA  17134.64075444  .00002715  00000-0  12106-3 0  9998
2 42044  97.4999 196.0914 0007198 321.1861  38.8857 15.22258164 12761
FLOCK 3P-29             
1 42045U 17008DB  17134.90445462  .00001933  00000-0  87201-4 0  9999
2 42045  97.4981 196.3274 0006685 317.8245  42.2476 15.22212295 12652
FLOCK 3P-82             
1 42046U 17008DC  17134.83888816  .00002471  00000-0  11057-3 0  9999
2 42046  97.5000 196.2890 0007259 320.6733  39.3975 15.22225188 12691
FLOCK 3P-78             
1 42047U 17008DD  17134.90326392  .00002285  00000-0  10242-3 0  9992
2 42047  97.5000 196.3570 0007083 320.4874  39.5845 15.22253804 12635
FLOCK 3P-74             
1 42048U 17008DE  17134.84064923  .00003613  00000-0  16052-3 0  9996
2 42048  97.5001 196.2901 0007298 321.2138  38.8574 15.22166194 12629
FLOCK 3P-31             
1 42049U 17008DF  17134.90621269  .00003672  00000-0  16321-3 0  9990
2 42049  97.4979 196.3263 0006807 318.3962  41.6755 15.22139046 12092
FLOCK 3P-83             
1 42050U 17008DG  17134.90546739  .00001942  00000-0  87768-4 0  9992
2 42050  97.5005 196.3528 0007327 321.3050  38.7660 15.22150123 13361
FLOCK 3P-72             
1 42051U 17008DH  17134.89835890  .00002164  00000-0  96698-4 0  9999
2 42051  97.5004 196.3671 0006859 320.9086  39.1654 15.22415100 10952
LEMUR-2-REDFERN-GOES    
1 42059U 98067LA  17134.25763752  .00007553  00000-0  10870-3 0  9992
2 42059  51.6393 206.5003 0007510 167.3657 192.7524 15.57130713 10726
TECHEDSAT 5             
1 42066U 98067LB  17134.26214642  .00065763  00000-0  60809-3 0  9994
2 42066  51.6350 204.2683 0003804 354.2709   5.8243 15.66911094 10487
LEMUR-2-TRUTNA          
1 42067U 98067LC  17134.81860944  .00010827  00000-0  14839-3 0  9991
2 42067  51.6388 203.4970 0006479 168.2224 191.8921 15.57932134 10640
LEMUR-2-AUSTINTACIOUS   
1 42068U 98067LD  17134.25836650  .00009620  00000-0  13616-3 0  9998
2 42068  51.6392 206.5039 0006861 166.7425 193.3749 15.57215401 10654
LEMUR-2-TRUTNAHD        
1 42069U 98067LE  17134.25819133  .00008976  00000-0  12740-3 0  9996
2 42069  51.6397 206.5045 0006786 163.9068 196.2141 15.57237703 10708
