LES-1
1  1002U 65008C   17128.93711270 +.00000008 +00000-0 -53176-4 0  9996
2  1002 032.1473 004.4917 0014675 133.5371 226.6347 09.88352279887091
PROSPERO
1  5580U 71093A   17128.55034768 +.00000165 +00000-0 +34469-4 0  9997
2  5580 082.0390 304.5278 0529585 324.6857 032.0263 13.94170981285431
AO-07
1  7530U 74089B   17128.89302635 -.00000046 +00000-0 -97919-5 0  9990
2  7530 101.6269 098.3574 0012418 039.9664 015.7669 12.53626867943939
AO-10
1 14129U 83058B   17127.54418027 +.00000305 +00000-0 +00000-0 0  9998
2 14129 026.9697 040.7246 6022907 294.7190 338.4768 02.05865733226984
UO-11
1 14781U 84021B   17128.69356348 +.00000080 +00000-0 +16188-4 0  9995
2 14781 097.7014 175.8546 0007790 339.0799 021.0095 14.82889317763497
LO-19
1 20442U 90005G   17128.82951946 -.00000020 +00000-0 +88108-5 0  9992
2 20442 098.5739 065.7478 0010578 263.9805 096.0173 14.32858132425987
HUBBLE
1 20580U 90037B   17128.89192130 +.00000486 +00000-0 +18963-4 0  9995
2 20580 028.4696 267.1729 0002916 108.4866 165.2528 15.08757745284256
AO-27
1 22825U 93061C   17128.86959405 -.00000011 +00000-0 +13269-4 0  9991
2 22825 098.8086 093.9755 0009565 086.5872 273.6404 14.29994869231518
IO-26
1 22826U 93061D   17128.83971987 -.00000014 +00000-0 +11979-4 0  9997
2 22826 098.8029 094.0320 0010075 078.1910 282.0401 14.30323338231952
POSAT-1
1 22829U 93061G   17128.91535544 -.00000006 +00000-0 +14991-4 0  9992
2 22829 098.7971 095.6258 0010499 040.9509 021.6530 14.30967032232246
RS-15
1 23439U 94085A   17128.90746581 -.00000041 +00000-0 +41329-4 0  9995
2 23439 064.8154 282.6981 0167194 252.5298 202.2119 11.27565589920982
FO-29
1 24278U 96046B   17128.67829857 -.00000004 +00000-0 +29066-4 0  9991
2 24278 098.5698 017.1841 0351398 079.7948 284.2620 13.53076063023288
NOAA-15
1 25338U 98030A   17128.91643184 +.00000038 +00000-0 +35002-4 0  9991
2 25338 098.7830 139.7467 0009812 326.1363 033.9189 14.25790617987143
GO-32
1 25397U 98043D   17128.83629441 -.00000023 +00000-0 +87386-5 0  9999
2 25397 098.6074 072.0086 0002378 101.5221 258.6225 14.23621143977973
ISS
1 25544U 98067A   17128.76151069 +.00002434 +00000-0 +44235-4 0  9999
2 25544 051.6408 234.8164 0005436 136.8108 324.8929 15.53988929055623
AO-40
1 26609U 00072B   17128.06060621 -.00000067 +00000-0 +00000-0 0  9996
2 26609 006.3117 228.6373 7936124 113.3988 342.6454 01.25587155075716
NO-44
1 26931U 01043C   17128.81357744 -.00000004 +00000-0 +30227-4 0  9990
2 26931 067.0508 192.7857 0007996 271.3901 088.6285 14.30458660814649
SO-50
1 27607U 02058C   17128.68769266 -.00000018 +00000-0 +17881-4 0  9995
2 27607 064.5558 246.2626 0031188 116.7731 243.6568 14.75319249773154
CO-55
1 27844U 03031E   17128.95431902 +.00000057 +00000-0 +45340-4 0  9996
2 27844 098.6902 138.5307 0010997 100.1374 260.1044 14.22033987718709
CO-57
1 27848U 03031J   17128.94346349 +.00000044 +00000-0 +39696-4 0  9992
2 27848 098.6995 138.7621 0010857 108.4272 251.8087 14.21649002718590
RS-22
1 27939U 03042A   17128.95488550 +.00000070 +00000-0 +21004-4 0  9990
2 27939 097.9331 274.9736 0012774 357.2002 116.0566 14.66556969727426
VO-52
1 28650U 05017B   17128.90073161 +.00000210 +00000-0 +28203-4 0  9992
2 28650 097.6478 104.5781 0021970 260.2227 099.6510 14.88643669650321
NOAA-18
1 28654U 05018A   17128.94879603 -.00000013 +00000-0 +18580-4 0  9995
2 28654 099.1849 150.1993 0014450 177.6172 182.5070 14.12335862616629
CO-58
1 28895U 05043F   17128.92595388 +.00000131 +00000-0 +34102-4 0  9991
2 28895 097.8605 293.0376 0015397 267.4869 092.4571 14.63384389614510
CO-65
1 32785U 08021C   17128.49709773 +.00000213 +00000-0 +28903-4 0  9993
2 32785 097.5695 154.5763 0011755 303.8643 056.1455 14.87863968488922
AAUSAT2
1 32788U 08021F   17128.91479810 +.00000761 +00000-0 +76806-4 0  9992
2 32788 097.5623 166.3731 0010326 260.2520 099.7534 14.93821514489712
DO-64
1 32789U 08021G   17128.72602804 +.00001051 +00000-0 +78836-4 0  9991
2 32789 097.5618 187.7852 0011753 231.1223 128.8956 15.04737446490931
CO-66
1 32791U 08021J   17127.75460435 +.00000393 +00000-0 +45963-4 0  9991
2 32791 097.5668 158.1063 0011898 290.0384 069.9553 14.90186249489048
RS-30
1 32953U 08025A   17128.84577972 -.00000001 +00000-0 -77129-4 0  9998
2 32953 082.5022 264.1122 0018729 014.6205 345.5413 12.43076392406536
PRISM
1 33493U 09002B   17128.89218348 +.00001099 +00000-0 +10452-3 0  9999
2 33493 098.1747 009.6570 0014220 208.3396 151.7061 14.95617831449909
STARS
1 33498U 09002G   17128.95785872 +.00000216 +00000-0 +37188-4 0  9998
2 33498 098.3203 301.6201 0012325 113.8952 009.0214 14.78551267445677
KKS-1
1 33499U 09002H   17128.93985483 +.00000129 +00000-0 +27150-4 0  9998
2 33499 098.3279 293.1827 0010155 134.0621 226.1425 14.75176009445150
NOAA-19
1 33591U 09005A   17128.94636576 +.00000056 +00000-0 +55555-4 0  9990
2 33591 099.0891 095.2217 0014510 026.6162 333.5751 14.12177585424850
SWISSCUBE
1 35932U 09051B   17128.89619219 +.00000127 +00000-0 +39692-4 0  9994
2 35932 098.4894 266.7106 0007891 021.6909 338.4620 14.55999724404566
BEESAT
1 35933U 09051C   17128.88576785 +.00000116 +00000-0 +37164-4 0  9994
2 35933 098.4931 267.9866 0006429 036.5802 323.5833 14.56120903404622
ITUPSAT-1
1 35935U 09051E   17128.92088246 +.00000102 +00000-0 +34474-4 0  9997
2 35935 098.5042 268.2755 0008562 027.2149 332.9495 14.55315908404493
HO-68
1 36122U 09072B   17128.89334355 -.00000026 +00000-0 +42103-4 0  9994
2 36122 100.1037 156.9643 0007061 330.8470 029.2249 13.16339352355356
TISAT-1
1 36799U 10035E   17128.86807430 +.00000383 +00000-0 +45383-4 0  9999
2 36799 098.0562 250.8125 0013924 096.4599 263.8204 14.90352343369928
OOREOS
1 37224U 10062C   17129.40425916 +.00000244 +00000-0 +38057-4 0 04068
2 37224 071.9736 308.3608 0019252 218.8719 141.1072 14.81919819071696
TIANGONG-1
1 37820U 11053A   17128.76573400 +.00016762 +00000-0 +10177-3 0  9992
2 37820 042.7591 081.0870 0017423 161.6694 269.0431 15.77014918321749
SRMSAT
1 37841U 11058D   17128.88360203 +.00000276 +00000-0 +64698-5 0  9990
2 37841 019.9731 009.6672 0011702 010.1438 095.0828 14.10572698287634
RAX-2
1 37853U 11061D   17128.67875048 +.00000582 +00000-0 +41453-4 0  9995
2 37853 101.7168 335.4508 0176388 205.4151 153.8306 15.01252410300236
AUBIESAT-1
1 37854U 11061E   17128.80210649 +.00001757 +00000-0 +10172-3 0  9999
2 37854 101.7088 342.3935 0167978 191.5218 168.2128 15.03933958301017
E1P_M-CUBED
1 37855U 11061F   17128.71816576 +.00001454 +00000-0 +84188-4 0  9994
2 37855 101.7225 340.0963 0181150 198.0363 161.4365 15.02893420300394
HORYU-2
1 38340U 12025D   17128.95395056 +.00000210 +00000-0 +39183-4 0  9990
2 38340 098.3764 131.4943 0012864 060.4199 299.8289 14.75315747257096
RS-40
1 38735U 12041C   17128.83718044 +.00000031 +00000-0 +15317-3 0  9992
2 38735 082.4766 348.7287 0017529 112.4576 247.8362 12.42574220216785
AENEAS
1 38760U 12048C   17129.32231454 +.00000902 +00000-0 +71438-4 0 04727
2 38760 064.6605 131.7491 0112194 128.3278 232.8001 15.02997777072647
AAUSAT3
1 39087U 13009B   17128.77835571 +.00000111 +00000-0 +53974-4 0  9997
2 39087 098.5564 334.3756 0013654 060.5533 299.7016 14.35493872219864
STRAND-1
1 39090U 13009E   17128.55605229 +.00000052 +00000-0 +33720-4 0  9993
2 39090 098.5579 334.3596 0010286 061.3866 298.8352 14.34963168219796
RS-43
1 39133U 13015D   17128.94443045 +.00000082 +00000-0 +18566-4 0  9991
2 39133 064.8746 049.5717 0035970 289.0746 070.6479 15.04260749222006
BEESAT-3
1 39134U 13015E   17128.94533593 +.00000939 +00000-0 +55770-4 0  9999
2 39134 064.8676 353.1116 0033958 278.6897 081.0383 15.17673568223148
SOMP
1 39135U 13015F   17128.93361627 +.00000619 +00000-0 +42625-4 0  9996
2 39135 064.8705 001.5439 0030856 288.2464 071.5304 15.15460388222974
BEESAT-2
1 39136U 13015G   17128.90031842 +.00000641 +00000-0 +44328-4 0  9994
2 39136 064.8709 003.4032 0031206 289.2805 070.4945 15.14983642222936
TURKSAT-3U
1 39152U 13018C   17128.79633269 +.00000215 +00000-0 +35085-4 0  9990
2 39152 097.9469 216.4252 0017379 165.8980 194.2720 14.80258731217747
CUBEBUG-1
1 39153U 13018D   17128.81607708 +.00000183 +00000-0 +31008-4 0  9998
2 39153 097.9844 221.3249 0017355 171.3581 188.7933 14.80158837217761
ESTCUBE-1
1 39161U 13021C   17128.76986583 +.00000161 +00000-0 +33586-4 0  9995
2 39161 098.0273 215.2846 0007851 268.1307 091.8998 14.71878586214957
CUSAT
1 39266U 13055B   17128.94588104 +.00005991 +00000-0 +16952-3 0  9998
2 39266 080.9901 049.6438 0663919 344.4608 013.7019 14.28720682186390
DANDE
1 39267U 13055C   17128.94019513 +.00004750 +00000-0 +14091-3 0  9996
2 39267 081.0129 066.3057 0714948 023.9580 339.3181 14.16843282183130
ESHAIL-1
1 39233U 13044A   17128.30063518 +.00000129 +00000-0 +00000-0 0  9999
2 39233 000.0822 061.3014 0001704 343.0206 315.6918 01.00271652013280
ZACUBE-1
1 39417U 13066B   17128.69523309 +.00000194 +00000-0 +31021-4 0  9991
2 39417 097.6334 172.8442 0060323 040.4435 320.1239 14.80685274186932
UNISAT-5
1 39421U 13066F   17128.69259560 +.00000171 +00000-0 +24666-4 0  9993
2 39421 097.6474 187.2146 0031436 011.3846 348.8075 14.87343798187787
TRITON-1
1 39427U 13066M   17128.91482789 +.00000175 +00000-0 +35782-4 0  9990
2 39427 097.6396 146.9008 0115903 114.3038 247.0324 14.67435713185090
DELFI-N3XT
1 39428U 13066N   17128.95237116 +.00000344 +00000-0 +63051-4 0  9995
2 39428 097.6468 144.5978 0123240 122.4168 238.9030 14.66713463184922
GOMX-1
1 39430U 13066Q   17128.93971751 +.00000179 +00000-0 +41354-4 0  9994
2 39430 097.6647 130.9711 0152323 166.4298 194.1070 14.58845567184024
HUMSAT-D
1 39433U 13066T   17128.73714783 +.00000423 +00000-0 +47598-4 0  9993
2 39433 097.6553 193.0189 0030797 351.2175 008.8501 14.91383683188139
EAGLE-2
1 39436U 13066W   17128.78568346 +.00015498 +00000-0 +45166-3 0  9999
2 39436 097.7060 232.8841 0011589 215.6274 144.4196 15.35411814189454
VELOX-P2
1 39438U 13066Y   17128.85493040 +.00000190 +00000-0 +32374-4 0  9998
2 39438 097.6310 166.8850 0072309 056.2298 304.5774 14.77512430185448
FIRSTMOVE
1 39439U 13066Z   17128.62924668 +.00000453 +00000-0 +62793-4 0  9999
2 39439 097.6370 171.3860 0067267 043.0616 317.5832 14.81010446185693
CUBEBUG-2
1 39440U 13066AA  17128.91065934 +.00000210 +00000-0 +36283-4 0  9991
2 39440 097.6322 162.5366 0082269 068.3442 292.6505 14.75426438185102
AO-73
1 39444U 13066AE  17128.69433635 +.00000266 +00000-0 +39557-4 0  9995
2 39444 097.6350 173.8464 0059432 037.4362 323.0968 14.81411963185763
UWE-3
1 39446U 13066AG  17128.88094856 +.00000203 +00000-0 +33780-4 0  9999
2 39446 097.6316 167.4924 0071737 054.3533 306.4330 14.77958912184804
FIREBIRD-A
1 39463U 13072B   17129.25046156 +.00000306 +00000-0 +53432-4 0 04352
2 39463 120.4929 045.6751 0266554 170.5379 190.0897 14.76704860071399
FIREBIRD-B
1 39464U 13072C   17129.37949135 -.00000020 +00000-0 +27968-4 0 04231
2 39464 120.4917 046.6901 0265659 170.6950 189.9198 14.76849885071484
MCUBED-2
1 39469U 13072H   17129.31565231 +.00000260 +00000-0 +50176-4 0 04435
2 39469 120.4907 046.5156 0263029 169.6174 191.0551 14.76916348071503
IPEX
1 39471U 13072K   17129.49555008 +.00000103 +00000-0 +38643-4 0 04293
2 39471 120.4906 037.4157 0271729 167.1638 193.6533 14.74615867071406
RS-41
1 39492U 13078C   17128.90518429 +.00000152 +00000-0 +14004-4 0  9994
2 39492 082.4214 219.9679 0020624 160.8233 199.3765 14.87576287180105
RS-46
1 39497U 13076E   17128.77476693 +.00000024 +00000-0 +10000-3 0  9997
2 39497 082.4844 082.2024 0017771 149.9261 210.2841 12.42672696152660
RS-47
1 39765U 14028E   17128.71102197 +.00000118 +00000-0 +40673-3 0  9995
2 39765 082.4424 338.7191 0228009 252.0514 105.5608 12.83422876138671
SPROUT
1 39770U 14029E   17128.84480919 +.00000611 +00000-0 +75818-4 0  9995
2 39770 097.8701 228.6071 0010847 096.2025 264.0426 14.86165596160293
UNISAT-6
1 40012U 14033C   17128.61649545 +.00000206 +00000-0 +38451-4 0  9990
2 40012 097.8625 013.5800 0060043 061.9840 298.7425 14.73594956155117
BUGSAT-1
1 40014U 14033E   17128.81241547 +.00000637 +00000-0 +63659-4 0  9990
2 40014 097.9559 053.0770 0033650 095.4563 265.0505 14.94723739157326
AURORA
1 40017U 14033H   17128.92382634 +.00000506 +00000-0 +54451-4 0  9993
2 40017 097.9447 049.0959 0025184 096.7569 263.6517 14.92744177157102
PACE
1 40022U 14033N   17125.39675477 +.00000250 +00000-0 +33212-4 0  9995
2 40022 097.9165 036.5780 0015029 088.0074 272.2863 14.88173264156118
DUCHIFAT-1
1 40021U 14033M   17128.80767697 +.00000318 +00000-0 +39008-4 0  9993
2 40021 097.9207 041.9128 0014655 072.6094 287.6725 14.89843290156734
NCBR1
1 40024U 14033Q   17128.72481747 +.00000302 +00000-0 +37880-4 0  9995
2 40024 097.9168 040.7791 0013890 073.8470 286.4275 14.89174962156670
QB50P1
1 40025U 14033R   17128.75056662 +.00000258 +00000-0 +33908-4 0  9990
2 40025 097.9152 039.9044 0014096 076.1458 284.1325 14.88386623156114
POPSATHIP-1
1 40028U 14033U   17128.71146548 +.00000105 +00000-0 +17453-4 0  9990
2 40028 097.9182 040.1260 0015509 073.2028 287.0900 14.88256019156605
DTUSAT-2
1 40030U 14033W   17128.74582254 +.00000255 +00000-0 +33822-4 0  9998
2 40030 097.9119 039.0532 0013508 071.2722 288.9959 14.88010905156070
QB50P2
1 40032U 14033Y   17128.85355959 +.00000249 +00000-0 +33205-4 0  9990
2 40032 097.9125 039.1674 0013447 071.4327 288.8348 14.87945318156077
ANTELSAT
1 40034U 14033AA  17128.69918696 +.00000227 +00000-0 +41426-4 0  9997
2 40034 097.8647 013.8436 0060467 060.5454 300.1770 14.73671437155110
PERSEUS-M2
1 40037U 14033AD  17128.74101387 +.00000091 +00000-0 +16602-4 0  9994
2 40037 097.9150 037.7050 0015913 076.1356 284.1628 14.86211237155957
PERSEUS-M1
1 40039U 14033AF  17128.79815616 +.00000099 +00000-0 +17635-4 0  9993
2 40039 097.9158 037.3448 0015740 072.2647 288.0285 14.85835656155916
POLYITAN
1 40042U 14033AJ  17128.78108052 +.00000296 +00000-0 +38352-4 0  9993
2 40042 097.9224 039.9046 0016259 064.9083 295.3819 14.88016521156059
TIGRISAT
1 40043U 14033AK  17128.93810956 +.00000141 +00000-0 +28529-4 0  9998
2 40043 097.8629 014.7062 0061596 061.1819 299.5555 14.73959314154755
AISAT
1 40054U 14034B   17128.85383982 +.00000367 +00000-0 +59561-4 0  9996
2 40054 098.1865 227.8859 0013557 166.0241 194.1347 14.77042678153918
CANX-4
1 40055U 14034C   17128.81439268 +.00000086 +00000-0 +20809-4 0  9993
2 40055 098.1833 225.4894 0014297 182.1810 177.9338 14.74593603153746
CANX-5
1 40056U 14034D   17128.81536162 +.00000090 +00000-0 +21423-4 0  9993
2 40056 098.1833 225.4876 0014313 182.4164 177.6977 14.74589815153747
VELOX-1
1 40057U 14034E   17128.80511856 +.00000378 +00000-0 +61101-4 0  9992
2 40057 098.1856 228.4348 0011277 177.3013 182.8255 14.77089049153948
METEOR-M2
1 40069U 14037A   17128.79207345 -.00000043 +00000-0 +14454-6 0  9992
2 40069 098.6581 184.3276 0005190 340.9124 019.1859 14.20641677146964
DX-1
1 40071U 14037C   17128.87772900 +.00000134 +00000-0 +24710-4 0  9992
2 40071 098.3330 238.3932 0008533 170.3908 189.7472 14.81001614153156
UKUBE-1
1 40074U 14037F   17128.83485838 +.00000384 +00000-0 +53816-4 0  9998
2 40074 098.3410 241.9952 0004809 164.0326 196.1041 14.83467189153346
HODOYOSHI-1
1 40299U 14070B   17128.81970772 +.00000689 +00000-0 +33034-4 0  9996
2 40299 097.4033 212.1571 0011891 226.0372 249.3371 15.22183633138952
CHUBUSAT-1
1 40300U 14070C   17128.87926568 +.00000750 +00000-0 +37068-4 0  9999
2 40300 097.3961 209.4930 0019109 237.4411 234.8338 15.20775816138817
TSUBAME
1 40302U 14070E   17128.81220628 +.00000488 +00000-0 +28256-4 0  9996
2 40302 097.3782 201.9619 0038136 259.2255 170.6305 15.16274109138387
FIREBIRD-3
1 40377U 15003B   17128.91753119 +.00002533 +00000-0 +11096-3 0  9998
2 40377 099.1210 305.0553 0137671 132.2319 229.0687 15.15158943125051
FIREBIRD-4
1 40378U 15003C   17128.77825158 +.00002711 +00000-0 +11823-3 0  9992
2 40378 099.1212 304.9227 0137872 132.6036 228.6918 15.15180244125043
GRIFEX
1 40379U 15003D   17128.76599486 +.00002304 +00000-0 +10683-3 0  9995
2 40379 099.1224 302.8542 0143475 139.6802 221.5169 15.12781822124920
EXOCUBE
1 40380U 15003E   17128.77991820 +.00001480 +00000-0 +72718-4 0  9998
2 40380 099.1266 301.7044 0146858 143.2710 217.8689 15.11350245124835
PSAT
1 40654U 15025D   17129.38710856 +.00005026 +00000-0 +99539-4 0 04425
2 40654 054.9949 049.9383 0184823 167.2098 193.3732 15.32833600073948
BRICSAT-P
1 40655U 15025E   17129.26093321 +.00008529 +00000-0 +13608-3 0 04922
2 40655 054.9831 028.6116 0153396 178.8538 181.2902 15.41986458074211
DEORBITSAIL
1 40719U 15032E   17128.66779552 +.00000400 +00000-0 +65532-4 0  9997
2 40719 097.9849 022.9114 0015059 271.7839 088.1645 14.76014755098497
NUDT
1 40900U 15049B   17128.91802337 +.00001970 +00000-0 +96705-4 0  9992
2 40900 097.4432 137.4034 0014302 010.7420 349.4118 15.19190082090498
XW-2A
1 40903U 15049E   17128.90541168 +.00001797 +00000-0 +49278-4 0  9996
2 40903 097.4243 154.1239 0016341 051.6733 308.5979 15.38546431091609
XW-2C
1 40906U 15049H   17128.92887955 +.00000637 +00000-0 +38111-4 0  9994
2 40906 097.4551 135.2059 0015128 357.3583 002.7567 15.14461342090296
XW-2D
1 40907U 15049J   17128.91488362 +.00000697 +00000-0 +41248-4 0  9994
2 40907 097.4520 134.9645 0014434 355.9062 004.2050 15.14559526090291
LILACSAT-2
1 40908U 15049K   17128.93907007 +.00000348 +00000-0 +23311-4 0  9993
2 40908 097.4622 134.8008 0015917 352.6999 007.3998 15.13073070090230
XW-2E
1 40909U 15049L   17128.95435164 +.00001027 +00000-0 +57032-4 0  9998
2 40909 097.4537 136.0383 0014137 358.5368 001.5821 15.15877906090350
XW-2F
1 40910U 15049M   17128.93945257 +.00001031 +00000-0 +57989-4 0  9993
2 40910 097.4542 135.6102 0015201 353.4320 006.6711 15.15404555090335
XW-2B
1 40911U 15049N   17128.92002362 +.00000682 +00000-0 +40512-4 0  9999
2 40911 097.4564 135.3256 0014334 356.2465 003.8657 15.14523599090195
DCBB
1 40912U 15049P   17128.85979549 +.00001170 +00000-0 +61610-4 0  9997
2 40912 097.4518 137.2586 0015125 346.2366 134.7344 15.17490381090327
TW-1C
1 40926U 15051B   17128.81295456 +.00005450 +00000-0 +12906-3 0  9997
2 40926 097.2343 168.6872 0010458 319.2548 102.1899 15.42138791090852
TW-1B
1 40927U 15051C   17128.93097516 +.00005337 +00000-0 +13107-3 0  9996
2 40927 097.2427 168.8371 0010416 329.6636 151.7770 15.41049201090820
TW-1A
1 40928U 15051D   17128.67854743 +.00002857 +00000-0 +84076-4 0  9999
2 40928 097.2314 165.2044 0012218 349.2814 130.8032 15.35826132090639
LAPAN-A2
1 40931U 15052B   17128.59454086 +.00000725 +00000-0 +12052-4 0  9998
2 40931 005.9991 155.0301 0013283 041.3146 318.7998 14.76526749087105
LQSAT
1 40958U 15057A   17128.84784560 +.00000018 +00000-0 +10665-4 0  9996
2 40958 097.9791 204.8502 0017833 188.0274 172.0649 14.72961152085328
FOX-1A
1 40967U 15058D   17129.05927937 +.00000182 +00000-0 +40516-4 0 04780
2 40967 064.7791 337.5636 0172207 092.5170 269.5660 14.75400475071344
BISONSAT
1 40968U 15058E   17129.08030138 +.00000422 +00000-0 +67380-4 0 04709
2 40968 064.7782 336.2126 0170052 092.2850 269.7737 14.76107381071510
ATHENOXAT-1
1 41168U 15077C   17128.37475694 +.00001964 +00000-0 +73938-4 0  9998
2 41168 014.9863 100.2369 0012305 183.3077 069.0405 15.11460316077000
GALASSIA
1 41170U 15077E   17128.32847007 +.00001734 +00000-0 +59591-4 0  9991
2 41170 014.9886 097.1825 0013639 201.1847 158.7909 15.11976630077033
AGGIESAT4
1 41313U 98067HP  17128.50481364 +.00016667 +00000-0 +12796-3 0  9996
2 41313 051.6363 206.2154 0004889 351.6225 008.4691 15.72203253072682
BEVO-2
1 41314U 98067HQ  17128.23918047 +.00156778 +21058-4 +35462-3 0  9993
2 41314 051.6221 185.0735 0009047 003.7425 356.3650 15.97185722072736
CHUBUSAT-2
1 41338U 16012B   17128.08554181 +.00000335 +00000-0 +19655-4 0  9991
2 41338 031.0044 006.9429 0013847 021.9444 338.1782 14.99717679066969
CHUBUSAT-3
1 41339U 16012C   17128.81784986 +.00000375 +00000-0 +22664-4 0  9999
2 41339 031.0129 001.4960 0013585 035.2413 324.9133 14.99925842067054
HORYU-4
1 41340U 16012D   17128.74185330 +.00000532 +00000-0 +34408-4 0  9995
2 41340 031.0063 359.7363 0014073 042.9749 317.1983 15.00556921067080
OUFTI-1
1 41458U 16025C   17128.90202651 +.00002335 +00000-0 +12813-3 0  9991
2 41458 098.1904 164.2209 0175745 061.3259 300.5509 15.03010269056688
ESTAR-2
1 41459U 16025D   17128.91897295 +.00002059 +00000-0 +11382-3 0  9990
2 41459 098.1887 164.2024 0176455 061.3106 300.5729 15.02851261056671
AAUSAT4
1 41460U 16025E   17128.87223633 +.00002402 +00000-0 +13180-3 0  9996
2 41460 098.1832 164.2375 0170152 060.2001 301.6000 15.03690585056688
RS-48
1 41465U 16026B   17128.86185628 +.00001473 +00000-0 +51404-4 0  9991
2 41465 097.2530 032.7132 0012686 010.2191 053.7224 15.31107157057447
SAMSAT-218
1 41466U 16026C   17128.71005093 +.00003888 +00000-0 +11943-3 0  9998
2 41466 097.2539 033.5067 0010834 015.2729 036.9872 15.34252907057481
MINXSS-1
1 41474U 98067HU  17125.52237589 +.05724416 +12300-4 +86147-3 0  9995
2 41474 051.6449 208.6967 0008167 329.0747 030.9230 16.33400422055623
NODES2
1 41477U 98067HX  17128.48240912 +.00046615 +00000-0 +27184-3 0  9999
2 41477 051.6295 208.9850 0005094 332.3091 027.7638 15.77920381055796
NODES1
1 41478U 98067HY  17128.44928742 +.00045116 +00000-0 +26793-3 0  9990
2 41478 051.6331 209.5226 0004635 332.6254 027.4502 15.77528879055788
NUSAT-1
1 41557U 16033B   17128.76074404 +.00001263 +00000-0 +50503-4 0  9995
2 41557 097.4643 208.2787 0015470 141.8683 218.3654 15.26906096052414
NUSAT-2
1 41558U 16033C   17128.79047192 +.00001227 +00000-0 +49312-4 0  9999
2 41558 097.4670 208.3555 0014969 140.4487 219.7847 15.26782422052412
SATHYABAMASAT
1 41600U 16040B   17128.72488372 +.00001454 +00000-0 +69323-4 0  9993
2 41600 097.4667 191.4835 0014275 209.2789 150.7648 15.20623530048683
LAPAN-A3
1 41603U 16040E   17128.92760509 +.00000033 +00000-0 +47938-5 0  9994
2 41603 097.4647 191.3723 0012617 206.0269 269.6905 15.19325309048693
BIROS
1 41604U 16040F   17128.84165891 +.00000458 +00000-0 +24065-4 0  9995
2 41604 097.4652 191.5994 0011830 199.3199 160.7590 15.20608515048702
SWAYAM
1 41607U 16040J   17128.91249651 +.00001350 +00000-0 +64620-4 0  9996
2 41607 097.4638 191.5747 0013725 207.6453 152.4054 15.20620555048639
BEESAT-4
1 41619U 16040W   17128.90729016 +.00001287 +00000-0 +61835-4 0  9990
2 41619 097.4657 191.6701 0011670 197.8323 162.2504 15.20597546036625
3CAT2
1 41732U 16051B   17128.73839103 +.00001185 +00000-0 +50575-4 0  9994
2 41732 097.3771 046.3148 0015780 055.7367 356.2056 15.24762316040528
PRATHAM
1 41783U 16059A   17128.76174606 +.00000067 +00000-0 +22600-4 0  9997
2 41783 098.1703 190.5353 0032283 284.9992 074.7638 14.62829305032831
CANX-7
1 41788U 16059F   17128.83448176 +.00006423 +00000-0 +12338-2 0  9993
2 41788 098.1706 190.9091 0028422 285.8192 073.9903 14.63754025032837
ALSAT-1N
1 41789U 16059G   17128.85119683 +.00000067 +00000-0 +22009-4 0  9990
2 41789 098.1698 191.0485 0027112 279.3554 080.4571 14.64037177032851
TY-1
1 41844U 16066D   17128.89776575 +.00000916 +00000-0 +43119-4 0  9991
2 41844 097.4059 136.6491 0016883 022.6738 070.6937 15.21944174027369
CZ-11
1 41845U 16066E   17128.93677651 +.00000118 +00000-0 +28648-4 0  9996
2 41845 098.7788 143.6253 0366916 004.9324 355.5303 14.37742204025856
PEGASUS-1
1 41846U 16066F   17128.97045319 +.00000274 +00000-0 +52506-4 0  9994
2 41846 098.7813 143.4798 0369960 005.9330 354.6067 14.36982517025846
STARS-C
1 41895U 98067KR  17128.51172674 +.00019351 +00000-0 +24181-3 0  9997
2 41895 051.6393 233.3729 0003661 172.2045 187.9006 15.59847536021795
ITF-2
1 41932U 98067KU  17128.52180908 +.00011645 +00000-0 +15730-3 0  9997
2 41932 051.6410 234.1956 0005432 117.7098 242.4446 15.58242803017355
WASEDA-SAT3
1 41933U 98067KV  17128.51003155 +.00013679 +00000-0 +18087-3 0  9992
2 41933 051.6397 234.1138 0005176 118.8674 241.2839 15.58641901017354
AOBA-VELOX3
1 41935U 98067KX  17128.51870283 +.00013016 +00000-0 +17367-3 0  9993
2 41935 051.6409 234.1738 0004648 120.2440 239.9013 15.58452619017452
PEASSS
1 42015U 17008BV  17128.88307552 +.00001078 +00000-0 +49296-4 0  9995
2 42015 097.4984 190.4006 0006819 012.8786 347.2623 15.22704946012360
NAYIF-1
1 42017U 17008BX  17128.94495240 +.00001379 +00000-0 +62021-4 0  9991
2 42017 097.4986 190.4732 0006706 014.0184 346.1238 15.22819241012513
